[0.07766253825900252, 0.056213761958663046, 0.8407050532088328, 8.124402405709059E-4, 0.024606206332930612]
[0.012769431711554041, 0.01330996533731738, 1.8715033517820375E-5, 0.13882769851897078, 0.83507418939864]
[1.1514248978739094E-7, 1.241311740746899E-7, 1.1232690747133522E-7, 1.2784170854387082E-7, 0.9999995205577199]
[3.179904539388851E-7, 0.0036158171132793324, 0.9916827757309866, 0.0026148805890614957, 0.002086208576218513]
[0.03225598609254882, 0.026882998267170256, 0.9366455128098027, 0.004204866243456163, 1.063658702205441E-5]
[6.95717820246306E-5, 5.660815758002038E-5, 0.9996235814005339, 1.3116435091101457E-4, 1.1907430895029339E-4]
[0.02832651763670165, 0.010257222162745883, 0.8987855444532529, 0.049147193276440446, 0.01348352247085903]
[0.8895885941901583, 0.04495352373886017, 0.005820950626523464, 0.04445985514567436, 0.015177076298783732]
[0.8696312833699402, 0.08040346812706846, 0.020585024429242052, 0.010994664586973164, 0.018385559486776087]
[0.02093580704099376, 0.05818268770675703, 0.8486738471232524, 0.007790169429124447, 0.06441748869987228]
[0.12141153171550116, 0.7809587086537195, 0.0067193776872266475, 0.06508664830571298, 0.025823733637839633]
[0.650208395086553, 0.08608641453264834, 0.07399687103143367, 0.018272694765381087, 0.17143562458398415]
[0.010301317190407841, 0.13317787509600817, 2.2834067764212837E-6, 0.8328649113269236, 0.02365361297988381]
[1.4464580967170479E-4, 1.346754934534747E-4, 1.988295864253983E-4, 0.9993610718181314, 1.6077729231789544E-4]
[0.01837442069761952, 0.001960847434649239, 0.9654923193420031, 4.074680416176896E-5, 0.014131665721565915]
[0.01713458749095961, 0.012177396923022072, 4.551669209234621E-6, 0.9108823455707986, 0.059801118346010346]
[0.10299931814700689, 0.04642326672495224, 0.8232155253637071, 1.878204427020088E-5, 0.027343107720063674]
[2.5757722142674033E-8, 0.9999998951176896, 2.512786788903837E-8, 2.859857566913881E-8, 2.539814465122761E-8]
[0.002104536835523009, 0.9978939510426001, 6.80371701879628E-7, 3.8551054816574676E-7, 4.4623962681529173E-7]
[1.527953260257091E-4, 2.004787010451727E-4, 7.187055858645605E-4, 1.3059147029078626E-4, 0.9987974289167737]
[1.829813982086186E-5, 0.9999387617460378, 1.043344236472255E-5, 1.3835190359053402E-5, 1.867148141770285E-5]
[1.1203878638242204E-10, 1.207851777500508E-10, 0.9927000723918403, 2.4976646577268985E-7, 0.0072996776088698955]
[1.3112234194211397E-9, 1.4135850529853634E-9, 8.504711924554423E-6, 1.4558399990399705E-9, 0.9999914911074271]
[7.078942113394679E-8, 0.9993598511162887, 6.399296962076016E-4, 7.859688079792059E-8, 6.98012016659637E-8]
[0.05194102624285059, 0.011865936705031162, 0.8347160505501705, 0.0134897115224589, 0.08798727497948866]
[0.006595322278678427, 0.008346245233334697, 0.9579155182337914, 0.00860587143605112, 0.018537042818144348]
[0.021933363742340638, 0.8503858737815949, 0.02262785100321891, 0.03877126095261848, 0.06628165052022687]
[0.05559516617749525, 0.03282349239032962, 0.012876935333828284, 0.631491567679139, 0.2672128384192079]
[1.1203878638242204E-10, 1.207851777500508E-10, 0.9927000723918403, 2.4976646577268985E-7, 0.0072996776088698955]
[9.149979104091921E-5, 5.311709968030378E-5, 3.43303504696133E-9, 3.907212223451658E-9, 0.9998553757690315]
[0.06995243804984919, 0.8464114664643568, 0.005119350869129825, 0.026986850245471847, 0.051529894371192264]
[0.002104536835523009, 0.9978939510426001, 6.80371701879628E-7, 3.8551054816574676E-7, 4.4623962681529173E-7]
[0.043334077683138184, 5.4908348132310865E-5, 0.9412886643606091, 0.015318371951583224, 3.9776565367902105E-6]
[0.9386355299571056, 0.023271235568671885, 6.524792577872753E-4, 0.009114245135904616, 0.02832651008053051]
[0.739555360343397, 0.09148364959368775, 0.010001611478002173, 0.13836708447591642, 0.020592294108996847]
[0.09719369059542113, 0.7558259987747089, 0.0015729376174645313, 0.0457819530216053, 0.09962541999080002]
[0.19346614023219266, 9.09640067327915E-7, 3.3310850043834786E-10, 0.7223601966367368, 0.08417275315789458]
[2.9752196165245298E-5, 5.9611269976207753E-5, 2.0149808809925315E-5, 0.0061045016538688966, 0.9937859850711798]
[0.03746906089004136, 0.020353602526787112, 3.1465006527556633E-9, 2.1324199937770022E-5, 0.9421560092367331]
[0.03138597698511772, 3.4198134198563807E-9, 3.017937878830098E-5, 3.522038631751254E-9, 0.9685838366942419]
[0.999969405198391, 3.2963147462278944E-8, 2.982851360715799E-8, 3.0501860597317007E-5, 3.014935077942669E-8]
[1.1203878638242204E-10, 1.207851777500508E-10, 0.9927000723918403, 2.4976646577268985E-7, 0.0072996776088698955]
[9.240738419557044E-6, 0.9999627771323413, 6.257536265421954E-6, 4.4665462677433076E-6, 1.7258046705955943E-5]
[0.01291660677381537, 0.005939670702568229, 0.8893768833245581, 0.01951669728520138, 0.07225014191385709]
[0.007987037246230575, 0.06479857649835921, 0.009505493278083779, 0.8579157147412286, 0.059793178236097734]
[0.8100546834198756, 0.026486570430067812, 0.016476391988603456, 0.056872345631256475, 0.09011000853019664]
[0.896186645003636, 0.01120142901863312, 0.010325545257977728, 3.64044459820558E-5, 0.08224997627377113]
[1.773646796422085E-9, 0.006651572130857651, 0.07434986911828165, 0.9189963813388367, 2.175638376972904E-6]
[3.187416242035644E-10, 3.436244266727227E-10, 3.1094742692543054E-10, 0.9999999987123944, 3.142919949616682E-10]
[0.043185600447205215, 0.02312784683584643, 0.034746078779533215, 0.849282856743472, 0.04965761719394299]
[0.9701180305141675, 2.7056491764209926E-5, 4.659620580812676E-9, 0.020732464853656943, 0.009122443480790964]
[0.002606175628640517, 0.9930335653101594, 2.730738338463143E-4, 4.318728790892052E-6, 0.004082866498563114]
[0.026325802417680556, 0.9591266055457462, 4.9338672372243136E-5, 0.003620578602440114, 0.010877674761760953]
[1.1203878638242204E-10, 1.207851777500508E-10, 0.9927000723918403, 2.4976646577268985E-7, 0.0072996776088698955]
[1.1203878638242204E-10, 1.207851777500508E-10, 0.9927000723918403, 2.4976646577268985E-7, 0.0072996776088698955]
[1.1203878638242204E-10, 1.207851777500508E-10, 0.9927000723918403, 2.4976646577268985E-7, 0.0072996776088698955]
[0.013004686158229414, 0.1274490216632094, 0.8033517111864503, 0.007980410275684554, 0.04821417071642648]
[0.7141444388148591, 0.079477032511893, 0.024068830883205754, 0.05030546581772995, 0.13200423197231217]
[0.07026126311413008, 5.4439356196598494E-5, 1.951761700208391E-4, 3.545973068180208E-5, 0.9294536616289706]
[0.09203792873343214, 0.18629960870610546, 0.026204019210921897, 0.030952668636764095, 0.6645057747127764]
[0.0013528947348247203, 6.516916106864448E-4, 1.9659169727549565E-4, 0.0033876912372721177, 0.9944111307199412]
[0.03746906089004136, 0.020353602526787112, 3.1465006527556633E-9, 2.1324199937770022E-5, 0.9421560092367331]
[0.002104536835523009, 0.9978939510426001, 6.80371701879628E-7, 3.8551054816574676E-7, 4.4623962681529173E-7]
[0.06590898472264618, 0.9340628670990422, 6.295544357408891E-6, 4.4949312857451415E-6, 1.735770266817699E-5]
[0.0029326618621547053, 0.9497941343591365, 4.2956342204917403E-4, 0.04684063695008518, 3.003406574610322E-6]
[0.0697650870438556, 0.03419186716845976, 6.164475071907981E-6, 0.0689118235113151, 0.8271250578012974]
[0.3520151868831254, 0.046019811840888304, 0.10726585732852707, 0.06742795815146478, 0.4272711857959945]
[1.0299652685215283E-7, 0.9999995806106753, 1.0047795008561293E-7, 1.1435615115824782E-7, 1.0155869657554483E-7]
[1.1203878638242204E-10, 1.207851777500508E-10, 0.9927000723918403, 2.4976646577268985E-7, 0.0072996776088698955]
[0.17962454589192747, 0.0463847278773245, 0.011920843953002089, 0.04736274091453981, 0.7147071413632061]
[0.013551238796274064, 0.005081587882943296, 4.6252428260290375E-6, 0.041336003506949014, 0.9400265445710078]
[1.0694649398633756E-7, 7.29426160155586E-5, 1.0994066334546278E-4, 1.1874176543546848E-7, 0.9998168910323795]
[0.9558620100849369, 7.719726364657542E-4, 0.043321219710506245, 4.477101678116404E-5, 2.6551309833936706E-8]
[0.006595322278678427, 0.008346245233334697, 0.9579155182337914, 0.00860587143605112, 0.018537042818144348]
[1.1494458489799277E-5, 2.3032714134672088E-5, 7.783866073736016E-6, 5.556272352384567E-6, 0.9999521326889496]
[0.13928539340192655, 0.13793206485079476, 0.32145328683587476, 0.2021384470068932, 0.19919080790451077]
[0.002606175628640517, 0.9930335653101594, 2.730738338463143E-4, 4.318728790892052E-6, 0.004082866498563114]
[2.846456221813623E-8, 3.0686669483902716E-8, 0.9999998811776141, 3.160395674645508E-8, 2.8067197271778603E-8]
[0.0961843591673515, 0.8313794916970934, 0.0309110533998841, 0.010037617924444756, 0.03148747781122631]
[0.9999010898888894, 7.182396082507966E-8, 6.499385397715762E-8, 9.870760036430172E-5, 6.569293153092054E-8]
[0.03167359069220531, 0.041608014381168144, 0.041946862308651675, 0.014878692084179562, 0.8698928405337955]
[0.7988199524545156, 2.2917073723677112E-4, 1.125189207402583E-8, 9.644631021378645E-5, 0.20085441924614159]
[1.0315044989990915E-7, 5.046959143957956E-4, 9.863591705555127E-4, 2.2876835008763617E-4, 0.9982800734145112]
[1.1203878638242204E-10, 1.207851777500508E-10, 0.9927000723918403, 2.4976646577268985E-7, 0.0072996776088698955]
[0.9999996927846222, 7.980791306072515E-8, 7.221857146423542E-8, 8.219353467860363E-8, 7.299535848617772E-8]
[0.7504374048696768, 0.08812158158953642, 0.004971093899526503, 0.07156813738843712, 0.08490178225282327]
[0.9999958583605433, 1.0759083877116987E-6, 9.735947703306806E-7, 1.1080694881608334E-6, 9.840668105121772E-7]
[0.16774279173875792, 0.052806922775176464, 0.10600753661318305, 0.06364696396948344, 0.6097957849033991]
[0.0029326618621547053, 0.9497941343591365, 4.2956342204917403E-4, 0.04684063695008518, 3.003406574610322E-6]
[2.000736902651567E-4, 1.1676300709290937E-7, 1.0565941707687705E-7, 0.999799597091415, 1.0679589571758172E-7]
[0.05872127056683375, 0.9410062873551187, 2.0078493487379534E-4, 3.6485846332055314E-5, 3.5171296841653355E-5]
[9.240738419557044E-6, 0.9999627771323413, 6.257536265421954E-6, 4.4665462677433076E-6, 1.7258046705955943E-5]
[0.03225598609254882, 0.026882998267170256, 0.9366455128098027, 0.004204866243456163, 1.063658702205441E-5]
[0.0961843591673515, 0.8313794916970934, 0.0309110533998841, 0.010037617924444756, 0.03148747781122631]
[0.06590898472264618, 0.9340628670990422, 6.295544357408891E-6, 4.4949312857451415E-6, 1.735770266817699E-5]
[1.2651558255832667E-4, 4.091577115724134E-4, 8.431839112352064E-9, 0.9994308231629787, 3.349511105142318E-5]
[1.83756564410053E-8, 1.981016575746231E-8, 1.7926316033161564E-8, 0.9999999257687293, 1.8119132498005263E-8]
[0.007911922962572565, 0.965907299600138, 0.00755498021767163, 0.0019900193132477823, 0.016635777906370396]
[0.025482678156509946, 2.3413129576760157E-5, 0.9727027572340109, 1.367579681423496E-4, 0.0016543935117601643]
[0.7141444388148591, 0.079477032511893, 0.024068830883205754, 0.05030546581772995, 0.13200423197231217]
[0.013004686158229414, 0.1274490216632094, 0.8033517111864503, 0.007980410275684554, 0.04821417071642648]
[3.04158277392366E-4, 2.431087917644799E-4, 1.3010621159556144E-4, 0.999130553795486, 1.9207292376150403E-4]
[1.3236109882352655E-7, 0.9999994610417112, 1.2912446941009835E-7, 1.469593809339077E-7, 1.305133394752259E-7]
[0.9999998847622049, 2.993628765925053E-8, 2.70894933444567E-8, 3.083114447557395E-8, 2.738086946052108E-8]
[0.7702840311149208, 4.727740794803986E-5, 6.999079337422149E-5, 2.0795167147545453E-4, 0.22939074901228146]
[0.9257672331119765, 2.7329842968687336E-8, 2.4730908776410307E-8, 0.07422404262286318, 8.672204408591517E-6]
[3.187416242035644E-10, 3.436244266727227E-10, 3.1094742692543054E-10, 0.9999999987123944, 3.142919949616682E-10]
[0.0012170475427146507, 0.01786993245155307, 8.839135475691166E-7, 0.9727763169194822, 0.008135819172702579]
[0.06583548942190337, 0.029560146674135854, 0.9028972267284865, 6.6136934985656145E-6, 0.0017005234819756632]
[1.1203878638242204E-10, 1.207851777500508E-10, 0.9927000723918403, 2.4976646577268985E-7, 0.0072996776088698955]
[0.13816952465139115, 0.05496092863811855, 0.08727796251770455, 0.038329908073397034, 0.6812616761193883]
[1.1203878638242204E-10, 1.207851777500508E-10, 0.9927000723918403, 2.4976646577268985E-7, 0.0072996776088698955]
[3.179904539388851E-7, 0.0036158171132793324, 0.9916827757309866, 0.0026148805890614957, 0.002086208576218513]
[0.7711776069839055, 0.16466312050315457, 4.8423622723489304E-4, 0.010281280959197767, 0.053393755326507676]
[0.030174578921644855, 0.9629710982123567, 2.693996079893797E-4, 4.895724611987521E-5, 0.006535966011889314]
[0.016886817676306988, 1.2258351465481616E-4, 8.249046088261693E-9, 1.6457952692903616E-5, 0.9829741326072997]
[2.1278217410103568E-8, 2.2939317312051963E-8, 0.015003016689357626, 0.9848855612331622, 1.1137785994549455E-4]
[0.013613336172670657, 6.830537242212873E-4, 9.592686344110028E-7, 0.8924416839850935, 0.0932609668493802]
[0.5567760038957971, 0.10195709264004907, 0.008682556855955696, 0.19333647668207674, 0.13924786992612148]
[3.179904539388851E-7, 0.0036158171132793324, 0.9916827757309866, 0.0026148805890614957, 0.002086208576218513]
[1.1203878638242204E-10, 1.207851777500508E-10, 0.9927000723918403, 2.4976646577268985E-7, 0.0072996776088698955]
[0.04555494104715142, 0.030532118802258135, 0.010922762565925281, 0.04184615044101498, 0.8711440271436502]
[9.240738419557044E-6, 0.9999627771323413, 6.257536265421954E-6, 4.4665462677433076E-6, 1.7258046705955943E-5]
[0.002104536835523009, 0.9978939510426001, 6.80371701879628E-7, 3.8551054816574676E-7, 4.4623962681529173E-7]
[0.0029326618621547053, 0.9497941343591365, 4.2956342204917403E-4, 0.04684063695008518, 3.003406574610322E-6]
[8.562098995636802E-4, 0.015578632051384905, 0.013906641921116044, 0.8900349889230326, 0.07962352720490225]
[1.265232291679435E-8, 1.3640035935767806E-8, 0.9999999471841798, 1.4047764484843476E-8, 1.247569664098508E-8]
[8.752264989796836E-6, 0.03325306110221012, 4.811152782930884E-6, 0.827888535049528, 0.13884484043048909]
[0.28805322582247894, 0.0019878147923141085, 0.004440990831046911, 0.2997784644170289, 0.405739504137131]
[1.2651558255832667E-4, 4.091577115724134E-4, 8.431839112352064E-9, 0.9994308231629787, 3.349511105142318E-5]
[0.06583548942190337, 0.029560146674135854, 0.9028972267284865, 6.6136934985656145E-6, 0.0017005234819756632]
[0.999622438403564, 8.804792418807719E-5, 1.2998859061107815E-4, 5.4413290175975807E-5, 1.0511179146105136E-4]
[0.07878598836629051, 0.04735898032207129, 0.007052949062470395, 0.679092766901958, 0.18770931534721003]
[0.923331996592862, 0.04513904292310568, 9.077365920076858E-4, 0.022622863200746465, 0.007998360691277991]
[0.9918750442960428, 4.705988271669453E-6, 2.518666931504728E-6, 4.5085923186169955E-6, 0.008113222456435065]
[1.1203878638242204E-10, 1.207851777500508E-10, 0.9927000723918403, 2.4976646577268985E-7, 0.0072996776088698955]
[0.27951507648927726, 0.6895551951540652, 6.64967826829494E-6, 0.01818953806765689, 0.012733540610732548]
[5.6263383874441867E-8, 6.065562687280238E-8, 5.488757387614459E-8, 0.9999997727154676, 5.547794771196609E-8]
[1.3112234194211397E-9, 1.4135850529853634E-9, 8.504711924554423E-6, 1.4558399990399705E-9, 0.9999914911074271]
[2.049516858282934E-8, 2.20951391944271E-8, 0.9999999144450279, 2.275560805886354E-8, 2.02090562758107E-8]
[0.017782955123693465, 0.014469828918556978, 0.8488847712530024, 0.0687024203416079, 0.05016002436313905]
[0.9713489573236346, 0.011234003511280743, 0.003768783286016601, 7.800598993258905E-4, 0.01286819597974164]
[0.05464326728632413, 0.0647456252680012, 0.012682765364769614, 0.8380935888678295, 0.029834753213075684]
[0.05808303042810126, 1.7696240491261385E-6, 3.0794880062156228E-9, 0.916634771113914, 0.025280425754447666]
[0.007972506670227567, 0.0027167313527285803, 6.396885170183611E-6, 0.9892929180341574, 1.144705771545398E-5]
[0.046983663235592096, 0.16605775549026686, 0.011176670646154224, 0.06497678236756711, 0.7108051282604196]
[0.0020439470262910205, 0.008283544870492942, 0.03796051097731756, 0.0037597645977774387, 0.9479522325281211]
[0.21277975231063082, 0.6466002586542908, 0.03439427474482859, 0.016026018483614735, 0.09019969580663492]
[0.10604906464986742, 0.026507039217916736, 0.00664613335707559, 0.05630867105615012, 0.80448909171899]
[0.023393853743572574, 2.4190777533022447E-5, 3.326288589222795E-5, 0.035972067615325044, 0.9405766249776768]
[0.010301317190407841, 0.13317787509600817, 2.2834067764212837E-6, 0.8328649113269236, 0.02365361297988381]
[0.0031192596107370166, 0.013139372575486963, 0.0034685577029613646, 0.9413700511484231, 0.0389027589623916]
[0.3966836208107124, 0.30801288490527146, 8.603281823376693E-7, 0.1779181417363301, 0.11738449221950367]
[0.05464326728632413, 0.0647456252680012, 0.012682765364769614, 0.8380935888678295, 0.029834753213075684]
[0.7326377171420865, 1.4231141964949268E-8, 1.7351870277206887E-4, 1.4656539881229173E-8, 0.26718873526745957]
[0.031161943890093424, 0.004257123368284256, 0.016779294666912775, 0.07206927540436857, 0.8757323626703408]
[0.002104536835523009, 0.9978939510426001, 6.80371701879628E-7, 3.8551054816574676E-7, 4.4623962681529173E-7]
[2.0691180483771457E-8, 2.2306452910514735E-8, 2.0185218505912578E-8, 2.2973238373768495E-8, 0.9999999138439097]
[3.3250589595575536E-8, 4.6728035988444146E-4, 5.19771577302131E-5, 0.999480676445384, 3.278641176456758E-8]
[0.003098602541953736, 4.527387318983974E-6, 1.2018533905439345E-8, 7.904347273972225E-5, 0.9968178145794537]
[0.3081350928413878, 0.2711042915860459, 1.1034919625233492E-4, 2.5586168707515557E-5, 0.4206246802076064]
[0.5123258748451576, 0.06086396863550621, 0.1021879409247131, 0.20247073892622702, 0.12215147666839604]
[3.179904539388851E-7, 0.0036158171132793324, 0.9916827757309866, 0.0026148805890614957, 0.002086208576218513]
[0.042846216994509356, 0.09167082301916679, 0.016864762419009048, 0.06843017517203841, 0.7801880223952763]
[0.04555494104715142, 0.030532118802258135, 0.010922762565925281, 0.04184615044101498, 0.8711440271436502]
[0.008925422056090544, 2.1281018359917773E-6, 6.004859447258057E-4, 0.9899329236988874, 5.390401984597914E-4]
[0.04539520898990587, 0.03216607933367751, 0.021471713300122205, 0.7556922524326986, 0.14527474594359574]
[0.002104536835523009, 0.9978939510426001, 6.80371701879628E-7, 3.8551054816574676E-7, 4.4623962681529173E-7]
[0.8417532837135239, 2.2731152938882024E-5, 9.652646962643123E-9, 0.11583110985541915, 0.04239286562547108]
[0.002900901167418562, 5.728649787700668E-9, 5.183883254431745E-9, 0.9970968471620265, 2.2407580217175376E-6]
[0.005376647052857621, 0.9847957001587081, 0.0015145525638743688, 0.0038615099263400233, 0.0044515902982198855]
[0.005129123235305918, 0.9715095356992057, 2.739759386006795E-6, 9.84385625132881E-6, 0.023348757449850974]
[0.08442035192464514, 0.07105905635656064, 4.662205196139939E-6, 0.8088472123645775, 0.035668717149020715]
[0.02093580704099376, 0.05818268770675703, 0.8486738471232524, 0.007790169429124447, 0.06441748869987228]
[1.0296709796304158E-7, 0.9997138537258131, 1.0044924082189727E-7, 2.85841328169444E-4, 1.0152967851337177E-7]
[8.64902641512003E-6, 3.5000250351273406E-6, 4.98475090362454E-9, 5.911405019862986E-6, 0.9999819345587792]
[0.018430754766619564, 0.08858592845510307, 0.8687455049058392, 0.015117525308933483, 0.009120286563504545]
[0.06406991279812302, 0.03734393214819407, 0.05213109203007762, 0.01675427857777024, 0.8297007844458352]
[0.6756996046711997, 0.03468079866207092, 0.06372379166880703, 0.09844374771422017, 0.12745205728370235]
[3.738196769925993E-5, 0.06684606228072311, 2.6294347582302142E-8, 0.9331165028800592, 2.6577171065767018E-8]
[0.03138597698511772, 3.4198134198563807E-9, 3.017937878830098E-5, 3.522038631751254E-9, 0.9685838366942419]
[1.710542079593132E-5, 7.75365647838099E-5, 9.394949340541129E-6, 7.234530724338084E-5, 0.9998236177578365]
[0.05197436062515902, 0.5819539115952583, 0.1089351865440593, 0.0791237265046593, 0.17801281473086406]
[0.030650126689768072, 0.08800436545474564, 0.0508572248540106, 0.7682169141426456, 0.06227136885883017]
[0.5519540140474888, 0.10076272016439727, 0.008449495056049148, 0.21499188753870574, 0.12384188319335919]
[0.989005664977058, 0.006964739279653369, 1.238118148587962E-8, 0.004002570309130354, 2.7013052976574415E-5]
[0.07026126311413008, 5.4439356196598494E-5, 1.951761700208391E-4, 3.545973068180208E-5, 0.9294536616289706]
[0.9999958583605433, 1.0759083877116987E-6, 9.735947703306806E-7, 1.1080694881608334E-6, 9.840668105121772E-7]
[1.1255904999101078E-7, 1.2134605612502518E-7, 1.0980664059590467E-7, 1.2497333772698722E-7, 0.9999995313149156]
[0.0767652178460618, 0.016930366685356194, 0.009357475571912154, 0.8358244467584213, 0.06112249313824887]
[0.01713458749095961, 0.012177396923022072, 4.551669209234621E-6, 0.9108823455707986, 0.059801118346010346]
[0.4667885743691265, 0.03336974597499115, 0.0314556644556748, 0.02661863396547961, 0.441767381234728]
[0.002104536835523009, 0.9978939510426001, 6.80371701879628E-7, 3.8551054816574676E-7, 4.4623962681529173E-7]
[0.002104536835523009, 0.9978939510426001, 6.80371701879628E-7, 3.8551054816574676E-7, 4.4623962681529173E-7]
[0.03194479008778355, 0.025938449392892637, 0.7284350650925683, 0.12353604086568755, 0.09014565456106802]
[0.8988077250782393, 0.056771852570135485, 0.018057451193428574, 0.017732620800068117, 0.008630350358128664]
[0.0544913106378872, 0.8253029784517534, 0.05178585521138261, 0.019486658791776457, 0.048933196907200376]
[0.7313323409622823, 0.18159025046844843, 0.010571782697585332, 0.01313638878983075, 0.06336923708185327]
[0.002104536835523009, 0.9978939510426001, 6.80371701879628E-7, 3.8551054816574676E-7, 4.4623962681529173E-7]
[0.049624420298606926, 0.038881477919577814, 0.02232186019215698, 0.7572930116815185, 0.13187922990813952]
[4.7815565893195495E-8, 5.154832368422548E-8, 0.9999998003988408, 5.308920842397446E-8, 4.714806116817629E-8]
[2.532857905653442E-7, 2.73058734593693E-7, 2.470921865001482E-7, 2.812210181970946E-7, 0.9999989453422702]
[0.046191994303700426, 0.009723322259272247, 0.004938426205054763, 0.847232300524153, 0.0919139567078196]
[0.0012170475427146507, 0.01786993245155307, 8.839135475691166E-7, 0.9727763169194822, 0.008135819172702579]
[0.02278627840292794, 0.047986792469813334, 4.867797387659775E-5, 0.9291709138656333, 7.337287748864132E-6]
[0.12495654871689045, 0.03739671065469477, 0.0014362353540949132, 0.11025943295167717, 0.7259510723226429]
[0.11449432617394217, 1.249560732975655E-4, 6.688074463514964E-5, 0.885215110578043, 9.872643008203194E-5]
[0.07314028402833372, 2.9618752072555294E-5, 5.549778199653578E-5, 1.6122080162158352E-4, 0.9266133786359756]
[0.9986721146365666, 3.096696561077222E-4, 4.5715048911805766E-4, 1.9139410411939443E-4, 3.6967111408821903E-4]
[0.09969846949740502, 0.03972486199158389, 0.011782828740012335, 0.05023711354979394, 0.7985567262212049]
[2.8161653926868095E-8, 3.036011443110248E-8, 2.7473016266402512E-8, 3.126764029577448E-8, 0.9999998827375751]
[1.1203878638242204E-10, 1.207851777500508E-10, 0.9927000723918403, 2.4976646577268985E-7, 0.0072996776088698955]
[0.03398001630368566, 0.05345025199888687, 0.014793572463706155, 0.8947473048736396, 0.003028854360081485]
[0.016686551899588987, 0.00773547599936815, 0.006582748601487615, 0.009456327993314605, 0.95953889550624]
[0.9284100646474481, 0.03210733233753445, 7.64606692716801E-5, 0.039392747785038, 1.33945607074901E-5]
[0.9990547227994903, 1.8418588449218028E-6, 9.355767943545682E-4, 3.4805018059029913E-7, 7.510497129378432E-6]
[0.01713458749095961, 0.012177396923022072, 4.551669209234621E-6, 0.9108823455707986, 0.059801118346010346]
[0.007972506670227567, 0.0027167313527285803, 6.396885170183611E-6, 0.9892929180341574, 1.144705771545398E-5]
[0.02278627840292794, 0.047986792469813334, 4.867797387659775E-5, 0.9291709138656333, 7.337287748864132E-6]
[0.591581686745565, 0.0703377198484277, 0.04653677408188928, 0.02892177921961934, 0.2626220401044985]
[0.9213460546372788, 0.02502384135041493, 0.01757973369740508, 0.008468898197523233, 0.027581472117377832]
[1.1203878638242204E-10, 1.207851777500508E-10, 0.9927000723918403, 2.4976646577268985E-7, 0.0072996776088698955]
[1.1203878638242204E-10, 1.207851777500508E-10, 0.9927000723918403, 2.4976646577268985E-7, 0.0072996776088698955]
[0.14954279705932674, 0.011833923483544444, 0.017347398587551306, 0.02182329909794489, 0.7994525817716327]
[0.9987441284810447, 1.3966207401764638E-6, 9.347569655831324E-4, 3.140222109488077E-4, 5.695721682919099E-6]
[0.12303889947650687, 0.061406838876712624, 0.8008945589402464, 6.820025465301493E-4, 0.013977700160003605]
[1.1203878638242204E-10, 1.207851777500508E-10, 0.9927000723918403, 2.4976646577268985E-7, 0.0072996776088698955]
[0.013264288921856347, 0.9749259797848173, 1.629696872101034E-5, 7.671601931177743E-6, 0.011785762722674275]
[0.08222628109277612, 0.07401323881847924, 0.004989479711269457, 0.7454569920010163, 0.09331400837645898]
[0.028348198699002212, 0.0715028852760725, 8.796970753936188E-9, 0.8849998160093814, 0.0151490912185732]
[0.007753886342187457, 0.03474463095130768, 0.9363080866249616, 2.0451072012987555E-4, 0.020988885361413155]
[0.03225598609254882, 0.026882998267170256, 0.9366455128098027, 0.004204866243456163, 1.063658702205441E-5]
[0.8696312833699402, 0.08040346812706846, 0.020585024429242052, 0.010994664586973164, 0.018385559486776087]
[0.06562039077239323, 0.7296811962279064, 0.12078929686423619, 0.02739276286920647, 0.056516353266257854]
[0.0022003396074406273, 4.701520688446147E-10, 8.0917929541981E-7, 0.9974241077887334, 3.7474295437862177E-4]
[0.052278715832798736, 0.04453923817926611, 0.009310373504503283, 0.056324475186565554, 0.8375471972968661]
[1.2651558255832667E-4, 4.091577115724134E-4, 8.431839112352064E-9, 0.9994308231629787, 3.349511105142318E-5]
[0.02093580704099376, 0.05818268770675703, 0.8486738471232524, 0.007790169429124447, 0.06441748869987228]
[6.654105435674232E-5, 3.360184023263391E-8, 0.9996233388001257, 3.460626790634687E-8, 3.100519374096318E-4]
[0.07026126311413008, 5.4439356196598494E-5, 1.951761700208391E-4, 3.545973068180208E-5, 0.9294536616289706]
[4.1618817583872537E-4, 0.9988242227630317, 1.780477401870935E-4, 3.187098063379869E-4, 2.628315146043244E-4]
[0.0029326618621547053, 0.9497941343591365, 4.2956342204917403E-4, 0.04684063695008518, 3.003406574610322E-6]
[3.179904539388851E-7, 0.0036158171132793324, 0.9916827757309866, 0.0026148805890614957, 0.002086208576218513]
[0.05644044487869765, 0.20541236583821063, 0.6831812897388977, 0.0549603315128578, 5.568031336256586E-6]
[0.0029326618621547053, 0.9497941343591365, 4.2956342204917403E-4, 0.04684063695008518, 3.003406574610322E-6]
[1.138202713750799E-7, 1.227057356964995E-7, 0.9999995248689901, 1.2637366089951183E-7, 1.1223134175505743E-7]
[1.2665875706563324E-7, 1.3654646734171714E-7, 1.2356156716444138E-7, 1.40628120298705E-7, 0.9999994726050881]
[0.09203792873343214, 0.18629960870610546, 0.026204019210921897, 0.030952668636764095, 0.6645057747127764]
[0.9090384237004346, 2.0567893040148804E-5, 0.07640505308362995, 7.232321808142155E-5, 0.014463632104813912]
[8.164040691848203E-5, 0.8394737252680483, 1.2189303749063434E-8, 0.16039750561153104, 4.711652419825821E-5]
[2.249577689095743E-4, 2.9676628132349836E-4, 2.8875524098271397E-9, 0.999212676534762, 2.655965274526577E-4]
[0.007609166044925286, 7.848496282040258E-4, 0.9565243656182769, 0.0349840461325022, 9.757257609156866E-5]
[0.052278715832798736, 0.04453923817926611, 0.009310373504503283, 0.056324475186565554, 0.8375471972968661]
[0.8774375206780772, 0.03923381170735114, 0.003604221464563895, 0.04414841686119305, 0.03557602928881454]
[5.649459637203769E-5, 0.008563892612714945, 0.9813317904922558, 0.009838981090101936, 2.0884120855522452E-4]
[0.11749181226479102, 0.034193381758644996, 0.609222163800232, 0.1696902448936548, 0.06940239728267712]
[3.179904539388851E-7, 0.0036158171132793324, 0.9916827757309866, 0.0026148805890614957, 0.002086208576218513]
[0.6403760112653493, 0.00955720561681917, 0.19476769795455298, 0.0011378549171643289, 0.1541612302461143]
[1.5842251086553828E-8, 1.7078988225728877E-8, 1.5454860106141828E-8, 1.75895140866393E-8, 0.9999999340343867]
[0.08222628109277612, 0.07401323881847924, 0.004989479711269457, 0.7454569920010163, 0.09331400837645898]
[0.1322743694567151, 0.769161945007881, 5.576456621654604E-6, 0.059399204642740115, 0.03915890443604211]
[0.9701180305141675, 2.7056491764209926E-5, 4.659620580812676E-9, 0.020732464853656943, 0.009122443480790964]
[4.721820973072449E-5, 2.1421900516255046E-4, 2.59111844986244E-5, 0.9995545471705795, 1.5810443002862523E-4]
[0.030650126689768072, 0.08800436545474564, 0.0508572248540106, 0.7682169141426456, 0.06227136885883017]
[0.06583548942190337, 0.029560146674135854, 0.9028972267284865, 6.6136934985656145E-6, 0.0017005234819756632]
[3.26418815766538E-10, 3.5190094391729385E-10, 3.1843688792220227E-10, 0.9999999986813811, 3.218620130227196E-10]
[0.07018998908476676, 0.9249823773452083, 4.661420295378409E-6, 0.0014933988879926626, 0.0033295732617367865]
[0.056700804290794875, 0.12047431843288241, 9.404036752020334E-5, 0.028326427283525003, 0.7944044096252775]
[1.1203878638242204E-10, 1.207851777500508E-10, 0.9927000723918403, 2.4976646577268985E-7, 0.0072996776088698955]
[1.1203878638242204E-10, 1.207851777500508E-10, 0.9927000723918403, 2.4976646577268985E-7, 0.0072996776088698955]
[0.06664864095986812, 0.1125451745111968, 0.04667603751555052, 0.5800786172857745, 0.19405152972761003]
[0.9918750442960428, 4.705988271669453E-6, 2.518666931504728E-6, 4.5085923186169955E-6, 0.008113222456435065]
[0.8023790017553406, 0.0629066486763936, 0.002469472314325016, 0.07477703767136801, 0.057467839582572844]
[0.04247453901274826, 1.804747661382104E-8, 0.957469510382442, 9.504051644498234E-6, 4.642850568851386E-5]
[0.034019807998831524, 0.7744296249821686, 0.002583075170303658, 0.05571898333480524, 0.13324850851389108]
[0.7702207770420284, 0.014540104563138945, 0.08358589553586869, 0.054000938696761557, 0.07765228416220264]
[1.1241557350918188E-9, 0.009301373118092994, 0.10399538270393423, 0.886701255598109, 1.9874557080382574E-6]
[0.08488397109706422, 0.011645337858045854, 5.044969391802655E-9, 0.014281172721899094, 0.8891895132780213]
[1.1203878638242204E-10, 1.207851777500508E-10, 0.9927000723918403, 2.4976646577268985E-7, 0.0072996776088698955]
[0.05845944969947714, 0.11341088138519834, 0.003001342346102208, 0.013231070284551226, 0.8118972562846712]
[1.1494458489799277E-5, 2.3032714134672088E-5, 7.783866073736016E-6, 5.556272352384567E-6, 0.9999521326889496]
[0.07453041488578162, 0.11119830141190915, 0.0011799738277963549, 0.7538672753780215, 0.05922403449649101]
[1.1203878638242204E-10, 1.207851777500508E-10, 0.9927000723918403, 2.4976646577268985E-7, 0.0072996776088698955]
[0.04566454261712769, 0.004551347458803254, 0.0586886106136126, 0.0035197955460869426, 0.8875757037643693]
[0.02093580704099376, 0.05818268770675703, 0.8486738471232524, 0.007790169429124447, 0.06441748869987228]
[0.0022919165795478747, 0.0019254428156365777, 3.059513884306849E-6, 0.02991132686815422, 0.9658682542227773]
[0.02443762977688423, 0.9684647852833089, 1.9748425838072573E-5, 0.005023870379073971, 0.0020539661348947555]
[0.026658492114819462, 0.9733414603304846, 1.5102108456980896E-8, 1.7188039724568845E-8, 1.526454758607884E-8]
[0.999867718957952, 1.2333515037039966E-8, 1.1372389507900145E-5, 7.976137069579968E-5, 4.113494832926317E-5]
[6.288876539462077E-5, 0.15060895715651476, 0.8349943949599675, 0.006658762851498883, 0.007674996266624116]
[9.240738419557044E-6, 0.9999627771323413, 6.257536265421954E-6, 4.4665462677433076E-6, 1.7258046705955943E-5]
[3.179904539388851E-7, 0.0036158171132793324, 0.9916827757309866, 0.0026148805890614957, 0.002086208576218513]
[0.029969432455400378, 1.430423794839272E-4, 1.3544109188559875E-4, 0.969752072774922, 1.1298307874955504E-8]
[2.049516858282934E-8, 2.20951391944271E-8, 0.9999999144450279, 2.275560805886354E-8, 2.02090562758107E-8]
[0.9367406847895031, 0.038330957846543716, 0.0014186991375634039, 0.004992888320525014, 0.018516769905864507]
[0.999568436998582, 3.221253792344186E-4, 1.0937721561811849E-4, 3.199345671045395E-8, 2.8413108779461363E-8]
[0.06869133622735228, 0.7178876321952118, 0.0019100463105195227, 0.09168713148282648, 0.11982385378408968]
[0.019821605679557038, 0.8600656214816906, 0.08294385349830148, 0.007436104253058191, 0.02973281508739295]
[0.002104536835523009, 0.9978939510426001, 6.80371701879628E-7, 3.8551054816574676E-7, 4.4623962681529173E-7]
[0.05808303042810126, 1.7696240491261385E-6, 3.0794880062156228E-9, 0.916634771113914, 0.025280425754447666]
[0.04013293471832197, 0.011264950869565098, 1.650408680438372E-5, 0.0044280353732882366, 0.9441575749520204]
[6.269540534479347E-5, 9.513910182517932E-5, 0.9998419747172912, 1.0104148268677029E-7, 8.973405608526167E-8]
[0.002104536835523009, 0.9978939510426001, 6.80371701879628E-7, 3.8551054816574676E-7, 4.4623962681529173E-7]
[0.008925422056090544, 2.1281018359917773E-6, 6.004859447258057E-4, 0.9899329236988874, 5.390401984597914E-4]
[1.1203878638242204E-10, 1.207851777500508E-10, 0.9927000723918403, 2.4976646577268985E-7, 0.0072996776088698955]
[1.1203878638242204E-10, 1.207851777500508E-10, 0.9927000723918403, 2.4976646577268985E-7, 0.0072996776088698955]
[0.07598104566953962, 0.05852556590228502, 1.15196704023265E-8, 1.3110788672531537E-8, 0.8654933637977165]
[0.10898490688791579, 0.046046946824512686, 0.004402987032733608, 0.07592775867081074, 0.7646374005840273]
[4.721820973072449E-5, 2.1421900516255046E-4, 2.59111844986244E-5, 0.9995545471705795, 1.5810443002862523E-4]
[1.829813982086186E-5, 0.9999387617460378, 1.043344236472255E-5, 1.3835190359053402E-5, 1.867148141770285E-5]
[0.006595322278678427, 0.008346245233334697, 0.9579155182337914, 0.00860587143605112, 0.018537042818144348]
[0.07963983330990676, 1.1358916241994492E-5, 0.08397203508484873, 0.005501332448374707, 0.8308754402406279]
[0.012769431711554041, 0.01330996533731738, 1.8715033517820375E-5, 0.13882769851897078, 0.83507418939864]
[0.04467169381639321, 5.309241780571422E-5, 1.67855799580907E-8, 2.2353442490019585E-5, 0.9552528435377309]
[0.022652127712216617, 0.11727176518299035, 0.002583742677367881, 0.04029384443365085, 0.8171985199937741]
[1.1203878638242204E-10, 1.207851777500508E-10, 0.9927000723918403, 2.4976646577268985E-7, 0.0072996776088698955]
[0.586392044708448, 0.03511856541306754, 0.28250141797192324, 0.0044340784283675464, 0.09155389347819391]
[9.240738419557044E-6, 0.9999627771323413, 6.257536265421954E-6, 4.4665462677433076E-6, 1.7258046705955943E-5]
[0.8759561834143728, 0.12393473001673737, 4.89714309106624E-5, 2.051214140623234E-5, 3.9602996573029236E-5]
[0.09545443359002435, 0.014631617206368248, 0.014489554697591434, 0.8481162327233971, 0.027308161782618686]
[1.1203878638242204E-10, 1.207851777500508E-10, 0.9927000723918403, 2.4976646577268985E-7, 0.0072996776088698955]
[1.1088889040137095E-4, 5.3445175566721616E-5, 1.6154982549760095E-5, 0.9997380737095694, 8.143724191271882E-5]
[0.034577908572897935, 0.023296318186224022, 0.172186398267093, 0.7489250113212068, 0.021014363652577982]
[0.05809334212919309, 0.02671185751121098, 0.01459446443526952, 0.8625878479190672, 0.03801248800525919]
[0.6921856305940692, 0.03456150806546156, 0.030992431317451826, 0.14415296722858215, 0.09810746279443534]
[0.015607207160069402, 0.9243537645988682, 3.29725271271938E-4, 0.048896989799983505, 0.01081231316980649]
[0.03177375745360199, 0.9572943091995771, 1.2637736368178913E-5, 0.008867014965497329, 0.0020522806449554463]
[0.12810077699036584, 0.021008394242470235, 0.002305368493537519, 0.022678629557737223, 0.825906830715889]
[0.028375195610234147, 0.09380542153492336, 0.04267561712593605, 0.7878060817031893, 0.04733768402571707]
[0.00400310667037083, 0.0013405344078436445, 0.004147505513639565, 1.6648522664985853E-5, 0.990492204885481]
[0.04098592962237281, 0.06469315276428793, 4.411765475159513E-5, 0.08264762975954328, 0.8116291701990443]
[0.03177375745360199, 0.9572943091995771, 1.2637736368178913E-5, 0.008867014965497329, 0.0020522806449554463]
[1.1203878638242204E-10, 1.207851777500508E-10, 0.9927000723918403, 2.4976646577268985E-7, 0.0072996776088698955]
[0.04555494104715142, 0.030532118802258135, 0.010922762565925281, 0.04184615044101498, 0.8711440271436502]
[1.1203878638242204E-10, 1.207851777500508E-10, 0.9927000723918403, 2.4976646577268985E-7, 0.0072996776088698955]
[0.016686551899588987, 0.00773547599936815, 0.006582748601487615, 0.009456327993314605, 0.95953889550624]
[0.8429478200321845, 0.059498698400600625, 0.0198247108087512, 0.06960297169611153, 0.008125799062352425]
[3.26418815766538E-10, 3.5190094391729385E-10, 3.1843688792220227E-10, 0.9999999986813811, 3.218620130227196E-10]
[0.030650126689768072, 0.08800436545474564, 0.0508572248540106, 0.7682169141426456, 0.06227136885883017]
[0.08222628109277612, 0.07401323881847924, 0.004989479711269457, 0.7454569920010163, 0.09331400837645898]
[0.8988077250782393, 0.056771852570135485, 0.018057451193428574, 0.017732620800068117, 0.008630350358128664]
[0.03453680365990082, 0.10947752274307199, 0.014848368156859996, 0.812413633888058, 0.028723671552109836]
[0.823987574841565, 0.026003879769551454, 0.007331732209135684, 0.05429098014274848, 0.08838583303699916]
[0.7924261090762241, 0.06582081000632355, 0.008093903905138873, 0.05235710682149218, 0.08130207019082139]
[0.12309133944080193, 0.7843731384603543, 0.007331358322826555, 0.04341379715874166, 0.04179036661727575]
[0.9659438759188095, 0.022751639346399604, 7.387134119825668E-6, 0.009135487304292861, 0.002161610296378582]
[0.9999795582397863, 2.0411702863152257E-5, 9.545416280657143E-9, 1.0863846905008937E-8, 9.648087315759567E-9]
[0.002104536835523009, 0.9978939510426001, 6.80371701879628E-7, 3.8551054816574676E-7, 4.4623962681529173E-7]
[0.9506254664679636, 0.013980629389352059, 0.03536175007810532, 1.7621841707733947E-5, 1.4532222871240176E-5]
[0.0029326618621547053, 0.9497941343591365, 4.2956342204917403E-4, 0.04684063695008518, 3.003406574610322E-6]
[0.014693478765691862, 0.017445761222460443, 0.029539350819963024, 0.0029263002654335295, 0.9353951089264512]
[8.562098995636802E-4, 0.015578632051384905, 0.013906641921116044, 0.8900349889230326, 0.07962352720490225]
[0.09221254328577354, 1.4211002906295217E-4, 0.9073969188028275, 1.3614933720251462E-4, 1.1227854513354083E-4]
[0.12116935427610383, 1.2438841544417558E-5, 6.656703907428836E-6, 0.8527707639217897, 0.026040786256654624]
[0.10237296971823602, 0.68421028542907, 0.1172105050039299, 0.057082964443463974, 0.039123275405299744]
[0.650208395086553, 0.08608641453264834, 0.07399687103143367, 0.018272694765381087, 0.17143562458398415]
[1.1203878638242204E-10, 1.207851777500508E-10, 0.9927000723918403, 2.4976646577268985E-7, 0.0072996776088698955]
[2.3998249010411204E-8, 0.9999583047401535, 2.3411419199324258E-8, 4.1624186944522064E-5, 2.366323374273837E-8]
[0.020083755294850455, 0.8136277694630649, 0.14046504662096174, 0.010676934555206952, 0.015146494065915821]
[0.5379128020061751, 0.1253739756766374, 0.05764545465655692, 0.023207843650547674, 0.25585992401008306]
[1.1241557350918188E-9, 0.009301373118092994, 0.10399538270393423, 0.886701255598109, 1.9874557080382574E-6]
[0.006723924407556606, 0.9127872964843171, 5.621793093496176E-4, 0.06334565692214757, 0.016580942876629128]
[0.9090384237004346, 2.0567893040148804E-5, 0.07640505308362995, 7.232321808142155E-5, 0.014463632104813912]
[8.802481008619728E-6, 8.195748342767017E-6, 0.02298682030701077, 5.06486067570863E-6, 0.976991116602962]
[1.1203878638242204E-10, 1.207851777500508E-10, 0.9927000723918403, 2.4976646577268985E-7, 0.0072996776088698955]
[5.626338387444188E-8, 6.065562687280238E-8, 5.488757387614461E-8, 0.9999997727154676, 5.5477947711966094E-8]
[0.8533289492725271, 0.0825542537767062, 1.8607550622367186E-5, 0.009946569550947729, 0.05415161984919664]
[0.04964278372235361, 0.03116587442810702, 0.8758741104979173, 0.03927745601830333, 0.004039775333318762]
[3.179904539388851E-7, 0.0036158171132793324, 0.9916827757309866, 0.0026148805890614957, 0.002086208576218513]
[3.289876990090552E-8, 0.021844837583781272, 2.2803695303895628E-5, 0.9780747428878529, 5.758293429195361E-5]
[9.558255340255598E-6, 2.2887330229937362E-9, 8.833871494040494E-6, 0.9999786278924866, 2.9776919460738423E-6]
[0.11291571760823921, 3.163518324153913E-5, 1.6934190527746785E-5, 0.8870107177433806, 2.4995274610965946E-5]
[0.0029326618621547053, 0.9497941343591365, 4.2956342204917403E-4, 0.04684063695008518, 3.003406574610322E-6]
[4.721820973072449E-5, 2.1421900516255046E-4, 2.59111844986244E-5, 0.9995545471705795, 1.5810443002862523E-4]
[0.06583548942190337, 0.029560146674135854, 0.9028972267284865, 6.6136934985656145E-6, 0.0017005234819756632]
[0.0022003396074406273, 4.701520688446147E-10, 8.0917929541981E-7, 0.9974241077887334, 3.7474295437862177E-4]
[0.7856361842250709, 0.17938309068633462, 0.004090578875484577, 0.007134353885079389, 0.023755792328030267]
[0.030650126689768072, 0.08800436545474564, 0.0508572248540106, 0.7682169141426456, 0.06227136885883017]
[0.08831663060265488, 0.028245738319386007, 7.693005127155916E-4, 0.7843492359794462, 0.09831909458579718]
[0.8574161805018046, 0.02003908185392662, 3.385828035897384E-5, 0.05353970231600201, 0.06897117704790774]
[1.4192611239398256E-4, 6.282829827820224E-8, 5.685363487362716E-8, 6.470636451046858E-8, 0.9998578894993082]
[0.01792556384952191, 2.4072424409551737E-8, 2.17832547659256E-8, 0.9820743682772424, 2.2017556680997595E-8]
[0.8573030414182967, 0.07026659201184983, 1.0187230483985917E-5, 0.012881327811150802, 0.05953885152821855]
[8.14273875408188E-6, 0.015963774910581638, 0.056886723030216614, 0.8761702682603849, 0.050971091060062694]
[0.024566762582208808, 0.02322275053886315, 0.011955519191933283, 0.004515436744781478, 0.9357395309422134]
[0.008925422056090544, 2.1281018359917773E-6, 6.004859447258057E-4, 0.9899329236988874, 5.390401984597914E-4]
[0.019674398321881236, 0.09527592371494974, 0.0242903674104544, 0.022322831138406104, 0.8384364794143085]
[0.0036248031325998562, 0.0011327289400780989, 5.124803592320566E-8, 0.9926006024831481, 0.002641814196138036]
[0.9688076411127732, 8.831991590044276E-10, 1.0237757397487865E-6, 0.031181365041800305, 9.969186487437572E-6]
[0.8696312833699402, 0.08040346812706846, 0.020585024429242052, 0.010994664586973164, 0.018385559486776087]
[0.999145821056116, 1.4565016879875296E-4, 5.222090844605205E-4, 9.486766100490249E-5, 9.145202961996766E-5]
[0.0029326618621547053, 0.9497941343591365, 4.2956342204917403E-4, 0.04684063695008518, 3.003406574610322E-6]
[0.29404282021944744, 0.562502437410936, 0.012400922230449479, 0.08668005282559808, 0.04437376731356894]
[3.091665957230495E-8, 3.333019164570797E-8, 0.9999636845296587, 3.622073842654078E-5, 3.0485063376362806E-8]
[0.05644044487869765, 0.20541236583821063, 0.6831812897388977, 0.0549603315128578, 5.568031336256586E-6]
[0.0402711150316465, 0.008131970029279015, 0.00496756041186804, 0.005036324146538603, 0.941593030380668]
[1.773646796422085E-9, 0.006651572130857651, 0.07434986911828165, 0.9189963813388367, 2.175638376972904E-6]
[0.9506254664679636, 0.013980629389352059, 0.03536175007810532, 1.7621841707733947E-5, 1.4532222871240176E-5]
[0.006595322278678427, 0.008346245233334697, 0.9579155182337914, 0.00860587143605112, 0.018537042818144348]
[2.0918016673873205E-5, 3.418733020133525E-9, 0.9999790719167635, 3.5209259366727647E-9, 3.126903496189634E-9]
[0.03473375393217642, 0.006565566714776393, 0.010899210869890949, 0.018743244264430498, 0.9290582242187256]
[0.9987441284810447, 1.3966207401764638E-6, 9.347569655831324E-4, 3.140222109488077E-4, 5.695721682919099E-6]
[0.012357216020052582, 0.006615735772878651, 0.8869811439735891, 0.00486714187234432, 0.08917876236113534]
[0.8538151419749114, 0.061812858536445844, 0.08420482959623031, 8.178213518134924E-5, 8.538775723121661E-5]
[0.007753886342187457, 0.03474463095130768, 0.9363080866249616, 2.0451072012987555E-4, 0.020988885361413155]
[0.10211517013378928, 0.13963590796779077, 0.0013194528402246765, 0.08191610751587432, 0.6750133615423208]
[0.030650126689768072, 0.08800436545474564, 0.0508572248540106, 0.7682169141426456, 0.06227136885883017]
[2.6166577603453475E-8, 4.403857863711733E-5, 0.9999022105734835, 2.905252434395076E-8, 5.369562877746887E-5]
[0.1031623096685935, 0.6126752032068263, 0.004349011657506263, 0.03306010416982568, 0.2467533712972482]
[0.021159149021181274, 0.8739537775492204, 0.09252877521842885, 0.010820725888503267, 0.00153757232266629]
[0.017314769163546014, 0.9243061314631283, 0.009633620849862102, 0.021726373758220473, 0.02701910476524293]
[7.564033087154585E-5, 0.9983991340713995, 0.0014007851983608953, 1.0287846676551365E-4, 2.1561932602438016E-5]
[0.002900901167418562, 5.728649787700668E-9, 5.183883254431745E-9, 0.9970968471620265, 2.2407580217175376E-6]
[1.2034113182802197E-8, 0.9999764713131589, 2.3491425239117803E-5, 1.3361371574824382E-8, 1.1866117107447173E-8]
[9.203083784188638E-5, 0.9997400016019762, 3.937185393340534E-5, 7.047597438219097E-5, 5.8119731866551524E-5]
[0.0029326618621547053, 0.9497941343591365, 4.2956342204917403E-4, 0.04684063695008518, 3.003406574610322E-6]
[0.017774921538487393, 0.03571035344347806, 0.0027988867439521516, 0.888546315328923, 0.055169522945159435]
[9.95316582701191E-8, 1.0730167135940873E-7, 0.9992424276009404, 7.572674235325187E-4, 9.814219751726086E-8]
[0.031865891873098365, 0.006310877431797007, 0.02036183621736673, 0.01217350321242705, 0.9292878912653104]
[0.9995406058447418, 3.3067135718060567E-4, 8.549928673610935E-5, 9.729887712095022E-9, 4.321378145377842E-5]
[3.26418815766538E-10, 3.5190094391729385E-10, 3.1843688792220227E-10, 0.9999999986813811, 3.218620130227196E-10]
[0.5967241236793621, 0.25851014464368893, 0.021047540045377677, 0.031090410006478584, 0.09262778162509257]
[0.06136343992405409, 1.477462366929283E-4, 0.6432243109426711, 1.806031509177422E-4, 0.2950838997456641]
[0.14002996172205454, 0.27012501853296444, 0.41988547019469424, 0.001898124387612015, 0.1680614251626747]
[0.9995406058447418, 3.3067135718060567E-4, 8.549928673610935E-5, 9.729887712095022E-9, 4.321378145377842E-5]
[0.02159115304341485, 0.8969137624988526, 0.028919043403671865, 1.3465666870283432E-5, 0.052562575387190405]
[0.3030616976362798, 0.6038710240314242, 0.05019059535361768, 0.022432575204122375, 0.020444107774555968]
[3.88636776637765E-4, 3.1063626913953844E-4, 0.9987576939349809, 2.9760617744694896E-4, 2.454268417946942E-4]
[1.3112234194211397E-9, 1.4135850529853634E-9, 8.504711924554423E-6, 1.4558399990399705E-9, 0.9999914911074271]
[0.9713489573236346, 0.011234003511280743, 0.003768783286016601, 7.800598993258905E-4, 0.01286819597974164]
[0.08710321799126267, 0.0035501472958561543, 8.623559033181921E-7, 0.8372947421546493, 0.07205103020232881]
[0.9741793059212223, 9.30673561099903E-4, 0.004056549894723719, 0.009404386093095367, 0.01142908452985867]
[2.600935821465963E-5, 3.823286341895244E-9, 0.9999739793840037, 3.937572183972391E-9, 3.496923380387094E-9]
[0.03473375393217642, 0.006565566714776393, 0.010899210869890949, 0.018743244264430498, 0.9290582242187256]
[0.0015560333311835618, 0.0432042060158395, 0.0032137270244106033, 0.14551023391800155, 0.8065157997105649]
[0.6403760112653493, 0.00955720561681917, 0.19476769795455298, 0.0011378549171643289, 0.1541612302461143]
[0.0030653652578458497, 0.9969102414282416, 1.2139575208630921E-5, 1.435263890162583E-8, 1.2239386065131228E-5]
[1.2892202892377028E-8, 0.952141520883196, 0.02130068394761035, 0.011813667805784123, 0.014744114471206538]
[0.03473375393217642, 0.006565566714776393, 0.010899210869890949, 0.018743244264430498, 0.9290582242187256]
[0.0024603366280570023, 0.003479754994928219, 0.0044872838203768774, 0.008577728252670268, 0.9809948963039674]
[3.179904539388851E-7, 0.0036158171132793324, 0.9916827757309866, 0.0026148805890614957, 0.002086208576218513]
[0.002104536835523009, 0.9978939510426001, 6.80371701879628E-7, 3.8551054816574676E-7, 4.4623962681529173E-7]
[0.9997038199066899, 1.0171575791225086E-7, 9.20430875850046E-8, 2.9589330135634177E-4, 9.30331082188375E-8]
[4.6346318578069496E-9, 4.996437848233312E-9, 4.521301083699449E-9, 5.031308472998156E-6, 0.9999949545391567]
[0.9991625019060634, 3.335067304658312E-4, 1.1270835894245642E-4, 8.045360649004443E-5, 3.1082939803841266E-4]
[1.0856588464977475E-5, 0.9194474653464257, 1.5872470507561145E-5, 3.231703188429409E-8, 0.08052577327757002]
[0.12141153171550116, 0.7809587086537195, 0.0067193776872266475, 0.06508664830571298, 0.025823733637839633]
[0.9097181489410792, 0.019358020796162622, 0.0251735354887439, 0.013225564508232155, 0.0325247302657819]
[0.7856361842250709, 0.17938309068633462, 0.004090578875484577, 0.007134353885079389, 0.023755792328030267]
[0.9999998237114244, 4.579596058681669E-8, 4.144098906452821E-8, 4.716489543797976E-8, 4.188673067681862E-8]
[0.14649421777720428, 0.7292281304835411, 8.181586306391149E-9, 0.061464167935871346, 0.06281347562179707]
[0.08194667335081879, 0.19988698757799864, 0.059548052315901503, 0.026753857110455862, 0.6318644296448254]
[0.7863601166092501, 0.012492329487735277, 0.02976420948734401, 0.12229013911218975, 0.049093205303480936]
[0.06406991279812302, 0.03734393214819407, 0.05213109203007762, 0.01675427857777024, 0.8297007844458352]
[0.9061451936470802, 0.004702519428379577, 0.05708023043426165, 9.004428948822712E-6, 0.03206305206132986]
[3.599067860630127E-5, 1.8305211708845708E-5, 2.5175175176616938E-5, 0.005486697777467017, 0.9944338311570413]
[1.1203878638242204E-10, 1.207851777500508E-10, 0.9927000723918403, 2.4976646577268985E-7, 0.0072996776088698955]
[0.03453680365990082, 0.10947752274307199, 0.014848368156859996, 0.812413633888058, 0.028723671552109836]
[0.8119054615380893, 0.07815976946278103, 9.803306472638726E-6, 1.2998147890573324E-5, 0.1099119675447663]
[2.5757722142674033E-8, 0.9999998951176896, 2.512786788903837E-8, 2.859857566913881E-8, 2.539814465122761E-8]
[0.6765014044228512, 0.04413794630768593, 0.08366279821320552, 0.10507669806769408, 0.09062115298856314]
[5.072870765164393E-5, 5.817949519758001E-5, 1.9384065609576932E-4, 9.589232937985494E-6, 0.999687661908117]
[0.03473375393217642, 0.006565566714776393, 0.010899210869890949, 0.018743244264430498, 0.9290582242187256]
[1.1241557350918188E-9, 0.009301373118092994, 0.10399538270393423, 0.886701255598109, 1.9874557080382574E-6]
[1.1203878638242204E-10, 1.207851777500508E-10, 0.9927000723918403, 2.4976646577268985E-7, 0.0072996776088698955]
[9.558255340255598E-6, 2.2887330229937362E-9, 8.833871494040494E-6, 0.9999786278924866, 2.9776919460738423E-6]
[1.1203878638242204E-10, 1.207851777500508E-10, 0.9927000723918403, 2.4976646577268985E-7, 0.0072996776088698955]
[0.07026126311413008, 5.4439356196598494E-5, 1.951761700208391E-4, 3.545973068180208E-5, 0.9294536616289706]
[0.008290522603328725, 0.9733229324573994, 2.3486941951008873E-9, 0.018374614619226896, 1.1927971351074039E-5]
[0.04566454261712769, 0.004551347458803254, 0.0586886106136126, 0.0035197955460869426, 0.8875757037643693]
[0.7791709987446004, 0.08313410445303258, 0.02475278336776675, 0.010846463832768969, 0.1020956496018312]
[0.05838419340543169, 0.05555571514056055, 0.058431143557067, 0.3422797165911166, 0.4853492313058241]
[0.10889711247923349, 1.152481864724419E-5, 3.650807655209497E-6, 0.8873520288264171, 0.0037356830680470507]
[0.21785789052555488, 0.012607343517874762, 0.00676122522737598, 0.0945698763787909, 0.6682036643504036]
[0.022442271197453696, 3.50116076643647E-5, 0.0046683774698010275, 3.3543240564781996E-5, 0.972820796484516]
[0.0022003396074406273, 4.701520688446147E-10, 8.0917929541981E-7, 0.9974241077887334, 3.7474295437862177E-4]
[0.06491334331337223, 0.3792766423370695, 0.12942789814693312, 0.1741748287857727, 0.2522072874168526]
[0.013004686158229414, 0.1274490216632094, 0.8033517111864503, 0.007980410275684554, 0.04821417071642648]
[3.6040512395466816E-5, 0.010517676089439152, 0.08614572610094967, 0.9032637814903102, 3.6775806905559194E-5]
[0.013551238796274064, 0.005081587882943296, 4.6252428260290375E-6, 0.041336003506949014, 0.9400265445710078]
[9.558255340255598E-6, 2.2887330229937362E-9, 8.833871494040494E-6, 0.9999786278924866, 2.9776919460738423E-6]
[0.00974943394629337, 2.470000803155724E-4, 0.0013327506434546695, 0.9267664454757177, 0.061904369854218926]
[0.869924201041511, 0.10628507784954977, 0.02371787775446928, 4.495546540986654E-8, 7.279839900439954E-5]
[9.149979104091921E-5, 5.311709968030378E-5, 3.43303504696133E-9, 3.907212223451658E-9, 0.9998553757690315]
[0.8973073890548723, 0.006531642126957658, 0.02525414380421639, 0.01791849884731581, 0.05298832616663772]
[0.008925422056090544, 2.1281018359917773E-6, 6.004859447258057E-4, 0.9899329236988874, 5.390401984597914E-4]
[0.010330346474720802, 0.8663171977553347, 0.08217515101347413, 2.4300873337766054E-4, 0.04093429602309277]
[1.699745693150145E-8, 1.832437607600096E-8, 1.6581817672331168E-8, 0.9999872480431227, 1.2700053226961508E-5]
[0.03473375393217642, 0.006565566714776393, 0.010899210869890949, 0.018743244264430498, 0.9290582242187256]
[0.0022003396074406273, 4.701520688446147E-10, 8.0917929541981E-7, 0.9974241077887334, 3.7474295437862177E-4]
[1.1203878638242204E-10, 1.207851777500508E-10, 0.9927000723918403, 2.4976646577268985E-7, 0.0072996776088698955]
[1.0233516944092774E-5, 0.16742270464400827, 1.168324887563531E-8, 0.8323721806139345, 1.9486954186436403E-4]
[0.21277975231063082, 0.6466002586542908, 0.03439427474482859, 0.016026018483614735, 0.09019969580663492]
[0.7202708301121902, 0.0029034322105934473, 0.10418973030828306, 0.12054544330465765, 0.05209056406427579]
[4.7815565893195495E-8, 5.154832368422548E-8, 0.9999998003988408, 5.308920842397446E-8, 4.714806116817629E-8]
[0.03605595632329996, 0.029766354136270278, 0.053061577301291775, 0.027819333536612277, 0.8532967787025257]
[0.03177375745360199, 0.9572943091995771, 1.2637736368178913E-5, 0.008867014965497329, 0.0020522806449554463]
[0.7752503847140835, 0.04175185629449598, 0.00838697184742642, 0.015023695426862582, 0.15958709171713142]
[0.08222628109277612, 0.07401323881847924, 0.004989479711269457, 0.7454569920010163, 0.09331400837645898]
[0.9353803825360523, 1.5609518256097016E-5, 2.310485172365275E-5, 6.863621172828342E-5, 0.0645122668822399]
[0.9688076411127732, 8.831991590044276E-10, 1.0237757397487865E-6, 0.031181365041800305, 9.969186487437572E-6]
[0.05031157513751882, 0.008021422374177484, 0.003733158257364879, 0.9033768879409304, 0.03455695629000845]
[8.802481008619728E-6, 8.195748342767017E-6, 0.02298682030701077, 5.06486067570863E-6, 0.976991116602962]
[0.1645759521842424, 0.005732582353033605, 0.10027369567912651, 1.178056377474383E-5, 0.7294059892198228]
[2.0203613015922586E-5, 1.614786550134409E-5, 0.8468433345259706, 1.547029055347081E-5, 0.15310484370495867]
[0.02093580704099376, 0.05818268770675703, 0.8486738471232524, 0.007790169429124447, 0.06441748869987228]
[5.072870765164393E-5, 5.817949519758001E-5, 1.9384065609576932E-4, 9.589232937985494E-6, 0.999687661908117]
[3.599067860630127E-5, 1.8305211708845708E-5, 2.5175175176616938E-5, 0.005486697777467017, 0.9944338311570413]
[0.0029326618621547053, 0.9497941343591365, 4.2956342204917403E-4, 0.04684063695008518, 3.003406574610322E-6]
[0.06583548942190337, 0.029560146674135854, 0.9028972267284865, 6.6136934985656145E-6, 0.0017005234819756632]
[0.22607667094006392, 0.028275943022396603, 0.6788019666087234, 0.03027043965439553, 0.03657497977442052]
[0.043280191867470195, 0.782958846299035, 0.06014425003684386, 0.024814784441282517, 0.08880192735536853]
[0.999654249206309, 2.6246903579552554E-4, 3.858309855685219E-8, 8.320417669634497E-5, 3.8998100537888694E-8]
[0.018166278441465462, 0.9555617139972173, 0.005669658780523248, 0.008121273004255785, 0.01248107577653805]
[0.9998284456762498, 1.1302909669819422E-5, 1.6726381071211538E-5, 4.9676747225564576E-5, 9.384828578329724E-5]
[0.002104536835523009, 0.9978939510426001, 6.80371701879628E-7, 3.8551054816574676E-7, 4.4623962681529173E-7]
[5.1440420412724065E-5, 1.8017458098405594E-4, 2.329560233585632E-8, 0.99976833815683, 2.3546171146564284E-8]
[0.8484083145478512, 0.0024278764414288677, 0.02721353943416834, 0.08907853141355467, 0.032871738162997]
[0.018164129438866097, 0.8144258419789648, 0.09759681219367958, 0.04163174509124836, 0.028181471297241117]
[3.852795135155669E-5, 0.9999186133838753, 4.0489389267009714E-8, 4.277725048826872E-5, 4.0924895418284934E-8]
[3.852795135155669E-5, 0.9999186133838753, 4.0489389267009714E-8, 4.277725048826872E-5, 4.0924895418284934E-8]
[1.5895848985299612E-4, 1.4800125863930806E-4, 2.1850470320139442E-4, 0.9992978490661296, 1.7668648217657637E-4]
[0.06583548942190337, 0.029560146674135854, 0.9028972267284865, 6.6136934985656145E-6, 0.0017005234819756632]
[0.9974138313166944, 7.848524462077022E-10, 1.1076333186234115E-6, 0.002585059547278596, 7.178559552872006E-10]
[1.916769237978403E-5, 0.9784771564688733, 1.0929644154465643E-5, 0.014311022590171302, 0.007181723604421771]
[0.0012170475427146507, 0.01786993245155307, 8.839135475691166E-7, 0.9727763169194822, 0.008135819172702579]
[0.10746854150999473, 1.9247298815262858E-5, 1.0300188807260831E-5, 0.8924867044676807, 1.5206534701906656E-5]
[0.7141444388148591, 0.079477032511893, 0.024068830883205754, 0.05030546581772995, 0.13200423197231217]
[3.0446646128595268E-5, 2.074669007228458E-8, 4.826707805900789E-5, 0.9998419997465563, 7.926578256623415E-5]
[0.13235878829529021, 3.1767594465899584E-5, 6.772701412467011E-9, 0.8674289116633904, 1.8052567415188586E-4]
[3.26418815766538E-10, 3.5190094391729385E-10, 3.1843688792220227E-10, 0.9999999986813811, 3.218620130227196E-10]
[0.9030316947344279, 0.008085987507332144, 0.004332650747414599, 0.05618226226114149, 0.028367404749683897]
[2.9651857566817495E-8, 3.196665192893547E-8, 1.273325161925502E-4, 0.9996537495069414, 2.1885635835658447E-4]
[0.031203127397273538, 0.22066894775127877, 0.09651734531420952, 0.017814951373134314, 0.6337956281641038]
[0.008925422056090544, 2.1281018359917773E-6, 6.004859447258057E-4, 0.9899329236988874, 5.390401984597914E-4]
[0.17664804336831424, 0.008446407473565112, 0.005989630624605796, 0.6518855065890878, 0.1570304119444269]
[0.002104536835523009, 0.9978939510426001, 6.80371701879628E-7, 3.8551054816574676E-7, 4.4623962681529173E-7]
[2.3998249010411204E-8, 0.9999583047401535, 2.3411419199324258E-8, 4.1624186944522064E-5, 2.366323374273837E-8]
[0.9996492484536774, 9.424413243989115E-5, 5.399458664377012E-5, 1.8430581284939023E-4, 1.8207014389760552E-5]
[0.03021096347114725, 0.9697749239487935, 3.372927385692283E-6, 6.618191085890381E-9, 1.0733034482536498E-5]
[0.8100546834198756, 0.026486570430067812, 0.016476391988603456, 0.056872345631256475, 0.09011000853019664]
[1.1203878638242204E-10, 1.207851777500508E-10, 0.9927000723918403, 2.4976646577268985E-7, 0.0072996776088698955]
[2.560101432015564E-7, 2.7599576584906125E-7, 0.999998931312003, 2.8424584331884123E-7, 2.5243624468027586E-7]
[9.240738419557044E-6, 0.9999627771323413, 6.257536265421954E-6, 4.4665462677433076E-6, 1.7258046705955943E-5]
[6.403458438432177E-8, 6.903349194279029E-8, 0.9999997326942172, 7.109704409470598E-8, 6.314066235615524E-8]
[3.26418815766538E-10, 3.5190094391729385E-10, 3.1843688792220227E-10, 0.9999999986813811, 3.218620130227196E-10]
[1.3303249736108146E-4, 6.408197197257602E-5, 1.933120425101016E-5, 0.9996858698311754, 9.768449523988183E-5]
[2.413339129175466E-8, 2.6017382470892664E-8, 2.3543256842925334E-8, 2.679509520241024E-8, 0.9999998995108742]
[9.240738419557044E-6, 0.9999627771323413, 6.257536265421954E-6, 4.4665462677433076E-6, 1.7258046705955943E-5]
[0.01713458749095961, 0.012177396923022072, 4.551669209234621E-6, 0.9108823455707986, 0.059801118346010346]
[0.01790479045535199, 2.0128009986543288E-6, 9.683307269070109E-6, 2.3931195130994962E-4, 0.9818442014850702]
[0.14711679294395932, 0.00336472435513347, 0.09394557405249651, 0.007431457450245912, 0.7481414511981647]
[4.8144016394584595E-5, 2.679654550366725E-8, 0.05867558052074084, 0.9412762241571775, 2.4509141640416584E-8]
[0.002104536835523009, 0.9978939510426001, 6.80371701879628E-7, 3.8551054816574676E-7, 4.4623962681529173E-7]
[0.018164129438866097, 0.8144258419789648, 0.09759681219367958, 0.04163174509124836, 0.028181471297241117]
[0.002104536835523009, 0.9978939510426001, 6.80371701879628E-7, 3.8551054816574676E-7, 4.4623962681529173E-7]
[1.1203878638242204E-10, 1.207851777500508E-10, 0.9927000723918403, 2.4976646577268985E-7, 0.0072996776088698955]
[0.01713458749095961, 0.012177396923022072, 4.551669209234621E-6, 0.9108823455707986, 0.059801118346010346]
[3.179904539388851E-7, 0.0036158171132793324, 0.9916827757309866, 0.0026148805890614957, 0.002086208576218513]
[0.896392292172285, 1.3208121111821E-5, 0.004072270115465219, 0.09951179384283436, 1.0435748303573507E-5]
[0.990749977942245, 1.270711358551021E-4, 1.9928277521210243E-8, 0.009093859860879535, 2.907113274296476E-5]
[0.6942904300562734, 0.2091984970797715, 1.1938712622623732E-5, 0.012319130252895785, 0.0841800038984369]
[5.6263383874441867E-8, 6.065562687280238E-8, 5.488757387614459E-8, 0.9999997727154676, 5.547794771196609E-8]
[0.2012846314727899, 0.03574150620644932, 0.7572480438749094, 0.005682697966371487, 4.312047948000925E-5]
[0.03225598609254882, 0.026882998267170256, 0.9366455128098027, 0.004204866243456163, 1.063658702205441E-5]
[1.109771122719621E-4, 0.01442234921407781, 0.009105870040544684, 0.9381061189847384, 0.03825468464836724]
[2.355081174702299E-5, 3.146726928082679E-5, 0.9999168496600055, 5.10959741717431E-9, 2.8127149369176262E-5]
[0.0022003396074406273, 4.701520688446147E-10, 8.0917929541981E-7, 0.9974241077887334, 3.7474295437862177E-4]
[0.019599437209308224, 0.7842570135759646, 0.09089691769500487, 0.048820697111182726, 0.05642593440853966]
[0.009870452804748821, 0.00875584640173864, 3.365240040691961E-5, 1.4091236732257557E-5, 0.9813259571563732]
[1.1203878638242204E-10, 1.207851777500508E-10, 0.9927000723918403, 2.4976646577268985E-7, 0.0072996776088698955]
[0.05464326728632413, 0.0647456252680012, 0.012682765364769614, 0.8380935888678295, 0.029834753213075684]
[0.03473375393217642, 0.006565566714776393, 0.010899210869890949, 0.018743244264430498, 0.9290582242187256]
[0.06583548942190337, 0.029560146674135854, 0.9028972267284865, 6.6136934985656145E-6, 0.0017005234819756632]
[0.9884659076927077, 0.0016227359096419073, 9.779057796521012E-6, 1.2966905529627249E-5, 0.009888610434323998]
[0.048047813379621634, 0.0058046650701770374, 0.8579963827164458, 1.2798374101963902E-5, 0.08813834045965363]
[0.591581686745565, 0.0703377198484277, 0.04653677408188928, 0.02892177921961934, 0.2626220401044985]
[6.21575177728934E-5, 4.968477001340843E-5, 2.6594818889162378E-5, 0.9998223068792602, 3.925601406452543E-5]
[0.010330346474720803, 0.8663171977553347, 0.08217515101347413, 2.4300873337766054E-4, 0.04093429602309277]
[0.17579319155579146, 0.5281762748509348, 0.19783398368718727, 0.046322191320270635, 0.05187435858581594]
[0.002661708865945275, 0.0033712090284662394, 2.9006568584289283E-9, 0.9819235772081152, 0.012043501996816362]
[1.1203878638242204E-10, 1.207851777500508E-10, 0.9927000723918403, 2.4976646577268985E-7, 0.0072996776088698955]
[0.010330346474720802, 0.8663171977553347, 0.08217515101347413, 2.4300873337766054E-4, 0.040934296023092766]
[0.09083725010440759, 0.032564004613878456, 0.0401253615729445, 0.5126888182647926, 0.32378456544397693]
[0.0849047980210949, 0.08762075318147222, 0.10547179628706659, 0.002501906036138095, 0.7195007464742281]
[0.9999470411531397, 2.993470571758631E-8, 2.7088061837695673E-8, 5.287444467000111E-5, 2.7379422556392715E-8]
[0.021159149021181274, 0.8739537775492204, 0.09252877521842885, 0.010820725888503267, 0.00153757232266629]
[4.4236783582325454E-6, 1.7975292787244587E-6, 1.3245257756116121E-8, 1.5074717356373006E-8, 0.999993750472388]
[2.846456221813623E-8, 3.068666948390273E-8, 0.9999998811776142, 3.1603956746455066E-8, 2.8067197271778617E-8]
[0.031203127397273538, 0.22066894775127877, 0.09651734531420955, 0.017814951373134314, 0.6337956281641038]
[0.8586784121289539, 6.208778613719541E-5, 2.9848142775684407E-8, 0.14111470796838052, 1.4476226838573307E-4]
[0.7540809774449276, 0.10004473743616528, 0.01406713883565834, 0.0198317263279965, 0.11197541995525231]
[0.04555494104715142, 0.030532118802258135, 0.010922762565925281, 0.04184615044101498, 0.8711440271436502]
[0.9975997377152147, 1.979280038311368E-4, 1.2792373416791627E-8, 0.001077401263814383, 0.0011249202247661523]
[2.5707908045483973E-8, 0.9987588176203485, 7.273239642927425E-4, 5.138073584247555E-4, 2.5349025958235438E-8]
[0.02420901981156581, 3.9934068233979066E-4, 1.046370660063623E-4, 0.913071930006742, 0.06221507243334574]
[0.04548446056576921, 4.597493322935239E-5, 0.8776464080665383, 4.717097592659331E-9, 0.07682315171736578]
[7.009899822376716E-6, 3.176508923431591E-5, 3.8513186100069646E-6, 0.03274469317664524, 0.9672126805156881]
[0.3966836208107124, 0.30801288490527146, 8.603281823376693E-7, 0.1779181417363301, 0.11738449221950367]
[0.04048490954526929, 0.02614436853251677, 0.009369289730544197, 0.004648124645409259, 0.91935330754626]
[2.049516858282934E-8, 2.20951391944271E-8, 0.9999999144450279, 2.275560805886354E-8, 2.02090562758107E-8]
[0.02998256787940863, 2.1662039433322964E-5, 5.237609437006794E-4, 0.968145066504966, 0.001326942632491376]
[0.020821945018791876, 0.07664485675902648, 0.8703589792319637, 0.009444094008487045, 0.022730124981730812]
[0.9974138313166944, 7.848524462077022E-10, 1.1076333186234115E-6, 0.002585059547278596, 7.178559552872006E-10]
[1.916769237978403E-5, 0.9784771564688733, 1.0929644154465643E-5, 0.014311022590171302, 0.007181723604421771]
[0.29572232350441957, 0.36652629799906866, 0.14979174862318162, 0.12369853394419222, 0.06426109592913784]
[1.1203878638242204E-10, 1.207851777500508E-10, 0.9927000723918403, 2.4976646577268985E-7, 0.0072996776088698955]
[0.10746854150999473, 1.9247298815262858E-5, 1.0300188807260831E-5, 0.8924867044676807, 1.5206534701906656E-5]
[0.0043636113845429945, 0.8868008411172796, 0.020317181434470123, 0.020611883725202965, 0.06790648233850431]
[0.9748526766393576, 0.005240743393148083, 0.006608323033858661, 5.945221935163875E-4, 0.012703734740119236]
[9.558255340255598E-6, 2.2887330229937362E-9, 8.833871494040494E-6, 0.9999786278924866, 2.9776919460738423E-6]
[0.26096169775738365, 0.6075664497279636, 3.120889555121608E-5, 0.1314057789255469, 3.486469355452165E-5]
[0.008925422056090544, 2.1281018359917773E-6, 6.004859447258057E-4, 0.9899329236988874, 5.390401984597914E-4]
[1.5842251086553828E-8, 1.7078988225728877E-8, 1.5454860106141828E-8, 1.75895140866393E-8, 0.9999999340343867]
[0.015755891454495383, 0.009915154889336246, 2.319161975262725E-9, 0.944993266168575, 0.02933568516843144]
[3.179904539388851E-7, 0.0036158171132793324, 0.9916827757309866, 0.0026148805890614957, 0.002086208576218513]
[2.6903755834823352E-5, 0.056286162399609964, 0.041037834414286586, 0.9026173356395484, 3.1763790720219364E-5]
[1.3233430440085826E-4, 3.871912849802456E-8, 1.1768063771142455E-5, 3.987652237574717E-8, 0.999855819036177]
[0.932698298666576, 2.2831978199678043E-5, 7.432257858316033E-4, 0.06597870446233006, 5.569391070627221E-4]
[0.0029326618621547053, 0.9497941343591365, 4.2956342204917403E-4, 0.04684063695008518, 3.003406574610322E-6]
[0.3208225498374888, 0.31377568039741716, 1.8054651276794334E-6, 0.12283157875824667, 0.2425683855417197]
[0.9974138313166944, 7.848524462077022E-10, 1.1076333186234115E-6, 0.002585059547278596, 7.178559552872006E-10]
[0.8558213403460532, 0.03357455432767515, 0.003107701555307405, 0.05998073144535222, 0.04751567232561158]
[3.6040512395466816E-5, 0.010517676089439152, 0.08614572610094967, 0.9032637814903102, 3.6775806905559194E-5]
[2.120945284457173E-8, 2.2865184589457854E-8, 2.069081753911098E-8, 0.999999914321176, 2.0913369137846458E-8]
[1.1203878638242204E-10, 1.207851777500508E-10, 0.9927000723918403, 2.4976646577268985E-7, 0.0072996776088698955]
[0.02093580704099376, 0.05818268770675703, 0.8486738471232524, 0.007790169429124447, 0.06441748869987228]
[0.23199065437770813, 0.35665366553151945, 0.17257125213193714, 0.007017024448073863, 0.23176740351076142]
[0.6850163481877243, 5.6657732127411105E-6, 1.7738868204234346E-9, 0.23074193202530013, 0.08423605223987608]
[0.9386355299571056, 0.023271235568671885, 6.524792577872753E-4, 0.009114245135904616, 0.02832651008053051]
[4.407157215661987E-6, 0.0021164281398639616, 0.9918109520963977, 0.002244891340173254, 0.003823321266349222]
[0.6403760112653493, 0.00955720561681917, 0.19476769795455298, 0.0011378549171643289, 0.1541612302461143]
[9.558255340255598E-6, 2.2887330229937362E-9, 8.833871494040494E-6, 0.9999786278924866, 2.9776919460738423E-6]
[2.6903755834823352E-5, 0.056286162399609964, 0.041037834414286586, 0.9026173356395484, 3.1763790720219364E-5]
[4.721820973072449E-5, 2.1421900516255046E-4, 2.59111844986244E-5, 0.9995545471705795, 1.5810443002862523E-4]
[0.99615337944348, 4.7936934587908964E-4, 1.4460832667302363E-4, 0.002491907684281683, 7.30735199686284E-4]
[0.9367406847895031, 0.038330957846543716, 0.0014186991375634039, 0.004992888320525014, 0.018516769905864507]
[1.4464580967170479E-4, 1.346754934534747E-4, 1.988295864253983E-4, 0.9993610718181314, 1.6077729231789544E-4]
[1.931152561993401E-8, 4.996790813678371E-4, 0.9995002611237501, 2.1441419535045124E-8, 1.904193695444736E-8]
[6.95717820246306E-5, 5.660815758002038E-5, 0.9996235814005339, 1.3116435091101457E-4, 1.1907430895029339E-4]
[0.2327571285110072, 0.0034831518499807866, 0.005034976940354517, 0.714444607312874, 0.04428013538578337]
[0.07445147114147181, 0.01684605749718297, 0.041133127634520955, 0.09027514324391687, 0.7772942004829073]
[4.1911373923186715E-8, 4.518321656735815E-8, 4.088651399982031E-8, 4.653383524756793E-8, 0.9999998254850603]
[0.21989799393947293, 0.6786401138811194, 0.06502409196628578, 0.013091628566906589, 0.023346171646215247]
[0.008925422056090544, 2.1281018359917773E-6, 6.004859447258057E-4, 0.9899329236988874, 5.390401984597914E-4]
[4.9890221329716E-9, 5.378493864375304E-9, 4.867025444191089E-9, 0.9999999798460831, 4.9193754439744945E-9]
[2.6903755834823352E-5, 0.056286162399609964, 0.041037834414286586, 0.9026173356395484, 3.1763790720219364E-5]
[5.319626925695167E-8, 5.734907566660817E-8, 5.189545949266243E-8, 0.9999997851055455, 5.2453649977662486E-8]
[0.6895783275009771, 0.14202131300180187, 0.02528527698823942, 0.07526955319205651, 0.06784552931692492]
[0.006595322278678427, 0.008346245233334697, 0.9579155182337914, 0.00860587143605112, 0.018537042818144348]
[0.9961760534485941, 2.708358833871295E-5, 2.4966121802885165E-5, 3.31063398489393E-5, 0.003738790501415474]
[0.015755891454495383, 0.009915154889336246, 2.319161975262725E-9, 0.944993266168575, 0.02933568516843144]
[2.349152832849544E-9, 9.500398650166625E-6, 0.9127596644050912, 0.08723083053074708, 2.316358687545024E-9]
[1.6399255003256375E-4, 3.841056807697875E-8, 4.394611725318676E-5, 0.9997919877903769, 3.5131769255805706E-8]
[1.1596923483702447E-8, 1.2502245959284172E-8, 0.961242675838513, 1.6429155586330645E-4, 0.03859300850645442]
[0.0022003396074406273, 4.701520688446147E-10, 8.0917929541981E-7, 0.9974241077887334, 3.7474295437862177E-4]
[1.5637830645355477E-5, 0.8473167400713031, 0.04613630643332615, 0.10652812086102267, 3.194803702496835E-6]
[1.829813982086186E-5, 0.9999387617460378, 1.043344236472255E-5, 1.3835190359053402E-5, 1.867148141770285E-5]
[0.9957496123398133, 3.5735126187182023E-7, 3.2336890733739807E-7, 3.680332213768746E-7, 0.004249338906796166]
[0.002661708865945275, 0.0033712090284662394, 2.9006568584289283E-9, 0.9819235772081152, 0.012043501996816362]
[0.03021096347114725, 0.9697749239487935, 3.372927385692283E-6, 6.618191085890381E-9, 1.0733034482536498E-5]
[2.6903755834823352E-5, 0.056286162399609964, 0.041037834414286586, 0.9026173356395484, 3.1763790720219364E-5]
[0.005625300904481459, 0.8865692097946731, 0.010145946456335275, 0.08302370376782917, 0.014635839076680934]
[0.7858794989899734, 0.0598920572023499, 0.04092292835945649, 0.021450525601310107, 0.09185498984691033]
[0.03453680365990082, 0.10947752274307199, 0.014848368156859996, 0.812413633888058, 0.028723671552109836]
[3.9858153008385047E-4, 1.9199737617713874E-4, 5.791863733729451E-5, 0.999058827836662, 2.926746197397267E-4]
[0.09062674052420816, 0.08474648568078934, 0.06598018789143352, 0.03690875077124717, 0.7217378351323217]
[1.1203878638242204E-10, 1.207851777500508E-10, 0.9927000723918403, 2.4976646577268985E-7, 0.0072996776088698955]
[0.11563635080296646, 0.05303460768041207, 0.02891352311384144, 0.06030400845117628, 0.7421115099516038]
[0.0402711150316465, 0.008131970029279015, 0.00496756041186804, 0.005036324146538603, 0.941593030380668]
[1.104602607686284E-5, 0.006238624918191297, 0.9382328934580928, 3.5266232826305284E-5, 0.05548216936481306]
[7.122534271031856E-4, 2.3952064692104696E-4, 0.3326464683498788, 6.529629464038566E-4, 0.665748794629693]
[2.2024399271795466E-8, 2.374375041694732E-8, 2.148583606002263E-8, 2.445349963994831E-8, 0.9999999082925146]
[0.043310335815539086, 0.019543941109081704, 8.772390542565369E-6, 0.9278198944026872, 0.009317056282149147]
[0.052278715832798736, 0.04453923817926611, 0.009310373504503283, 0.056324475186565554, 0.8375471972968661]
[2.7762637295320008E-5, 0.08354212974867854, 1.1874331234966739E-5, 2.1258463665039023E-5, 0.9163969748191261]
[0.08079077267770454, 0.036440817173802646, 5.7377542271732085E-6, 0.8653973245348477, 0.017365347859417853]
[0.9296241462900057, 0.006018895932278549, 0.0023117031185854856, 0.046004283412247916, 0.016040971246882484]
[1.9292907827976158E-5, 3.8400735023630244E-6, 9.622107344001469E-9, 2.085733264536972E-5, 0.999956000063917]
[0.9367406847895031, 0.038330957846543716, 0.0014186991375634039, 0.004992888320525014, 0.018516769905864507]
[3.179904539388851E-7, 0.0036158171132793324, 0.9916827757309866, 0.0026148805890614957, 0.002086208576218513]
[3.179904539388851E-7, 0.0036158171132793324, 0.9916827757309866, 0.0026148805890614957, 0.002086208576218513]
[0.041846004402452654, 0.04790151115053384, 1.2861198863242836E-4, 0.9099801969031113, 1.4367555526973523E-4]
[0.9999994241185055, 1.4960156159429617E-7, 1.3537518590341055E-7, 1.5407345799805468E-7, 1.3683128902717385E-7]
[2.8161653926868095E-8, 3.036011443110248E-8, 2.7473016266402512E-8, 3.126764029577448E-8, 0.9999998827375751]
[2.0918016673873205E-5, 3.418733020133525E-9, 0.9999790719167635, 3.5209259366727647E-9, 3.126903496189634E-9]
[0.6910105330655174, 0.2683827449746598, 9.488297229316602E-4, 0.02791130605279326, 0.011746586184097569]
[0.0849047980210949, 0.08762075318147222, 0.10547179628706659, 0.002501906036138095, 0.7195007464742281]
[0.05644044487869765, 0.20541236583821063, 0.6831812897388977, 0.0549603315128578, 5.568031336256586E-6]
[2.355081174702299E-5, 3.146726928082679E-5, 0.9999168496600055, 5.10959741717431E-9, 2.8127149369176262E-5]
[2.819306270638106E-4, 3.719050210667377E-4, 8.598183306446629E-8, 1.5656149485910456E-4, 0.9991895168751772]
[0.03177375745360199, 0.9572943091995771, 1.2637736368178913E-5, 0.008867014965497329, 0.0020522806449554463]
[0.6910105330655174, 0.2683827449746598, 9.488297229316602E-4, 0.02791130605279326, 0.011746586184097569]
[0.0849047980210949, 0.08762075318147222, 0.10547179628706659, 0.002501906036138095, 0.7195007464742281]
[3.179904539388851E-7, 0.0036158171132793324, 0.9916827757309866, 0.0026148805890614957, 0.002086208576218513]
[4.098623544570986E-8, 4.418585646508035E-8, 0.9999998289071781, 4.550666201361492E-8, 4.041406809163376E-8]
[0.12994877198628188, 0.7239828133200268, 8.57107932490528E-5, 5.135178952587674E-5, 0.1459313521109163]
[0.21277975231063082, 0.6466002586542908, 0.03439427474482859, 0.016026018483614735, 0.09019969580663492]
[3.347599716336382E-5, 6.750236533662821E-5, 2.0362803571253375E-8, 0.9998330045112327, 6.599676346380557E-5]
[0.002104536835523009, 0.9978939510426001, 6.80371701879628E-7, 3.8551054816574676E-7, 4.4623962681529173E-7]
[0.0029326618621547053, 0.9497941343591365, 4.2956342204917403E-4, 0.04684063695008518, 3.003406574610322E-6]
[0.48243238898852264, 0.07672590491972772, 0.0073774114985516726, 0.2022085636808077, 0.23125573091239043]
[0.9367406847895031, 0.038330957846543716, 0.0014186991375634039, 0.004992888320525014, 0.018516769905864507]
[0.9969573128966794, 0.0013138810367504296, 1.2784135505472864E-8, 5.529109035790273E-4, 0.0011758823788556216]
[0.2354137007437423, 2.1641318025886764E-4, 2.976531061295465E-4, 0.7637397121553091, 3.3252081456022547E-4]
[0.08734318145076611, 0.376773379781049, 0.023802235774662023, 5.502733453137426E-9, 0.5120811974907893]
[0.04355499838766053, 0.08558437255493775, 0.016143582250335083, 0.03552443390500908, 0.8191926129020577]
[1.1203878638242204E-10, 1.207851777500508E-10, 0.9927000723918403, 2.4976646577268985E-7, 0.0072996776088698955]
[0.0332783545715915, 0.13976265526809734, 0.7947914050888346, 0.009441298963743286, 0.02272628610773337]
[0.0921847874060882, 0.008804231211802276, 3.488915913021603E-5, 6.245698347172536E-5, 0.8989136352395077]
[1.1255904999101078E-7, 1.2134605612502518E-7, 1.0980664059590467E-7, 1.2497333772698722E-7, 0.9999995313149156]
[0.7856361842250709, 0.17938309068633462, 0.004090578875484577, 0.007134353885079389, 0.023755792328030267]
[0.27951507648927726, 0.6895551951540652, 6.64967826829494E-6, 0.01818953806765689, 0.012733540610732548]
[5.535055509602458E-5, 6.348027793681521E-5, 1.1488493122217553E-9, 1.0461551633386265E-5, 0.9998707064664845]
[0.8909697723422629, 0.011340858617933991, 1.597534096406322E-5, 0.005559888314441521, 0.09211350538439747]
[4.482460209272706E-4, 8.166661913715325E-5, 7.390052369758594E-5, 1.0020246238485824E-7, 0.9993960866337757]
[0.018789630082828912, 0.05207710523973901, 0.028262346570903898, 0.8695364849126109, 0.03133443319391724]
[0.986349126230871, 9.611213881039908E-9, 8.697234521065491E-9, 1.6240909077847197E-5, 0.013634614551602817]
[0.8988077250782393, 0.056771852570135485, 0.018057451193428574, 0.017732620800068117, 0.008630350358128664]
[0.002104536835523009, 0.9978939510426001, 6.80371701879628E-7, 3.8551054816574676E-7, 4.4623962681529173E-7]
[0.037760087610258064, 0.9512044897841174, 0.0019394904804042336, 0.004038040090377786, 0.005057892034842636]
[0.011650225909226172, 7.737847477183335E-6, 9.624376296316508E-9, 0.9154230860990236, 0.07291894051989681]
[0.052278715832798736, 0.04453923817926611, 0.009310373504503283, 0.056324475186565554, 0.8375471972968661]
[0.04915432514645443, 0.20072495481579128, 0.00339708376449681, 0.05235749669683103, 0.6943661395764261]
[0.03779960103022904, 1.9004604573548864E-4, 4.202935741310664E-9, 0.036691129065392236, 0.9253192196557074]
[0.02700872448546926, 9.79997050539132E-6, 2.9606093254054424E-6, 5.091341770258418E-5, 0.972927601516997]
[0.006595322278678427, 0.008346245233334697, 0.9579155182337914, 0.00860587143605112, 0.018537042818144348]
[0.0029326618621547053, 0.9497941343591365, 4.2956342204917403E-4, 0.04684063695008518, 3.003406574610322E-6]
[0.10295472373055937, 0.6819138179954876, 5.114347626829142E-5, 9.155999212562198E-5, 0.21498875480555912]
[1.1203878638242204E-10, 1.207851777500508E-10, 0.9927000723918403, 2.4976646577268985E-7, 0.0072996776088698955]
[3.433981374223069E-8, 0.999999860172457, 3.35001013781173E-8, 3.812719759657146E-8, 3.3860430355230337E-8]
[5.072870765164393E-5, 5.817949519758001E-5, 1.9384065609576932E-4, 9.589232937985494E-6, 0.999687661908117]
[0.15199449439404583, 0.04459370586277771, 0.014123273281292599, 0.02353945327415215, 0.7657490731877317]
[0.05464326728632413, 0.0647456252680012, 0.012682765364769614, 0.8380935888678295, 0.029834753213075684]
[0.9997163838218781, 1.3744951192313961E-8, 2.52550458564518E-4, 3.1039402950063614E-5, 1.25716561325762E-8]
[4.721820973072449E-5, 2.1421900516255046E-4, 2.59111844986244E-5, 0.9995545471705795, 1.5810443002862523E-4]
[0.004887016331956325, 0.9163294557927608, 7.15605296295555E-4, 0.07806451441537123, 3.408163616209304E-6]
[0.0029326618621547053, 0.9497941343591365, 4.2956342204917403E-4, 0.04684063695008518, 3.003406574610322E-6]
[6.013657547579384E-8, 0.0016208443827674922, 0.9983789694144689, 6.676911858514302E-8, 5.929706960512759E-8]
[0.47059632214207214, 0.33422616176034514, 0.05029354967623443, 0.09099545049584876, 0.05388851592549977]
[0.9999958583605433, 1.0759083877116987E-6, 9.735947703306806E-7, 1.1080694881608334E-6, 9.840668105121772E-7]
[0.08831663060265488, 0.028245738319386007, 7.693005127155916E-4, 0.7843492359794462, 0.09831909458579718]
[0.02278627840292794, 0.047986792469813334, 4.867797387659775E-5, 0.9291709138656333, 7.337287748864132E-6]
[0.08781754258170363, 0.04298240002520139, 0.10387941225689956, 0.6837576789262193, 0.081562966209976]
[0.02278627840292794, 0.047986792469813334, 4.867797387659775E-5, 0.9291709138656333, 7.337287748864132E-6]
[0.051915834638713396, 0.029534434240532873, 0.8731941248275752, 0.007618956788065489, 0.037736649505113316]
[0.21277975231063082, 0.6466002586542908, 0.03439427474482859, 0.016026018483614735, 0.09019969580663492]
[0.03225598609254882, 0.026882998267170256, 0.9366455128098027, 0.004204866243456163, 1.063658702205441E-5]
[0.06583548942190337, 0.029560146674135854, 0.9028972267284865, 6.6136934985656145E-6, 0.0017005234819756632]
[0.1640985674791462, 0.6799165467721637, 8.159522185060084E-6, 0.10768150954463075, 0.04829521668187443]
[0.06021038009372603, 0.03956791288811835, 0.04478172267350012, 0.07573136962370149, 0.7797086147209538]
[0.9098284004836428, 0.019524042245227777, 5.167427913960957E-6, 1.200098871656002E-8, 0.07064237784222677]
[5.317606834212957E-8, 5.7327297752313633E-8, 5.187575255133913E-8, 8.34101775464271E-5, 0.9999164274433348]
[3.433981374223069E-8, 0.999999860172457, 3.35001013781173E-8, 3.812719759657146E-8, 3.3860430355230337E-8]
[3.26418815766538E-10, 3.5190094391729385E-10, 3.1843688792220227E-10, 0.9999999986813811, 3.218620130227196E-10]
[2.355081174702299E-5, 3.146726928082679E-5, 0.9999168496600055, 5.10959741717431E-9, 2.8127149369176262E-5]
[0.0029326618621547053, 0.9497941343591365, 4.2956342204917403E-4, 0.04684063695008518, 3.003406574610322E-6]
[5.535055509602458E-5, 6.348027793681521E-5, 1.1488493122217553E-9, 1.0461551633386265E-5, 0.9998707064664845]
[8.762813652316411E-5, 5.420383399772667E-5, 0.9997024956244218, 6.625646546733024E-5, 8.941593958996604E-5]
[0.0018112025432079648, 0.07952381144708494, 5.829181585263664E-4, 0.9118233806195061, 0.006258687231674198]
[0.11653674543932434, 0.004798558795030504, 0.8588419576916422, 0.006691586331784529, 0.013131151742218483]
[0.9097320083160093, 0.0193550758112795, 0.025170111136755324, 0.013222037249785452, 0.032520767486170304]
[0.9367406847895031, 0.038330957846543716, 0.0014186991375634039, 0.004992888320525014, 0.018516769905864507]
[2.255940479707341E-5, 3.5748941281920645E-8, 3.2349392080641434E-8, 4.380553220404749E-5, 0.9999335669646654]
[4.9890221329716E-9, 5.378493864375304E-9, 4.867025444191089E-9, 0.9999999798460831, 4.9193754439744945E-9]
[1.1053525287272557E-5, 0.9999889044105762, 1.3358452620648617E-8, 1.5203546905819283E-8, 1.3502136889370127E-8]
[0.07217148619053747, 0.635957341317781, 0.1590717755345279, 0.04305743332088905, 0.08974196363626451]
[8.219208865017608E-6, 0.03208919740650553, 0.17636338972753737, 0.004363853684128315, 0.7871753399729637]
[0.03473375393217642, 0.006565566714776393, 0.010899210869890949, 0.018743244264430498, 0.9290582242187256]
[1.1203878638242204E-10, 1.207851777500508E-10, 0.9927000723918403, 2.4976646577268985E-7, 0.0072996776088698955]
[0.03473375393217642, 0.006565566714776393, 0.010899210869890949, 0.018743244264430498, 0.9290582242187256]
[0.0024603366280570023, 0.003479754994928219, 0.0044872838203768774, 0.008577728252670268, 0.9809948963039674]
[8.802481008619728E-6, 8.195748342767017E-6, 0.02298682030701077, 5.06486067570863E-6, 0.976991116602962]
[0.9436827921601444, 3.778698717524537E-5, 6.993102911583754E-5, 0.012834230543792192, 0.043375259279772406]
[4.39376722263633E-9, 4.736769935788406E-9, 0.9997170366818519, 2.829498551807226E-4, 4.332430285031213E-9]
[0.8118484121034252, 0.05873324287780562, 0.0010503902678519572, 0.01906220685750421, 0.1093057478934129]
[5.535055509602458E-5, 6.348027793681521E-5, 1.1488493122217553E-9, 1.0461551633386265E-5, 0.9998707064664845]
[0.9997163838218781, 1.3744951192313961E-8, 2.52550458564518E-4, 3.1039402950063614E-5, 1.25716561325762E-8]
[0.12277256796822981, 0.7654699971616267, 0.00959825871728154, 0.06316121094122269, 0.038997965211639084]
[0.11563635080296646, 0.05303460768041207, 0.02891352311384144, 0.06030400845117628, 0.7421115099516038]
[0.04922111323220627, 3.403548808305606E-5, 1.3554319595176953E-4, 0.9505196036834804, 8.970440027838292E-5]
[0.037760087610258064, 0.9512044897841174, 0.0019394904804042336, 0.004038040090377786, 0.005057892034842636]
[9.240738419557044E-6, 0.9999627771323413, 6.257536265421954E-6, 4.4665462677433076E-6, 1.7258046705955943E-5]
[1.1203878638242204E-10, 1.207851777500508E-10, 0.9927000723918403, 2.4976646577268985E-7, 0.0072996776088698955]
[0.0441557453872004, 0.015922271222570818, 0.003932674621194494, 0.9132844047032601, 0.022704904065773888]
[2.971507420940273E-5, 1.8379383458504432E-5, 0.7653080207962224, 2.2466795528171924E-5, 0.23462141795058142]
[0.9999305736975207, 6.93043655418166E-8, 6.271385986320514E-8, 7.1376014659168E-8, 6.922290823919861E-5]
[8.762813652316411E-5, 5.420383399772667E-5, 0.9997024956244218, 6.625646546733024E-5, 8.941593958996604E-5]
[0.06406991279812302, 0.03734393214819407, 0.05213109203007762, 0.01675427857777024, 0.8297007844458352]
[0.0849047980210949, 0.08762075318147222, 0.10547179628706659, 0.002501906036138095, 0.7195007464742281]
[0.002104536835523009, 0.9978939510426001, 6.80371701879628E-7, 3.8551054816574676E-7, 4.4623962681529173E-7]
[2.846456221813623E-8, 3.0686669483902716E-8, 0.9999998811776141, 3.160395674645508E-8, 2.8067197271778603E-8]
[4.6346318578069496E-9, 4.996437848233312E-9, 4.521301083699449E-9, 5.031308472998156E-6, 0.9999949545391567]
[2.201896681078124E-9, 8.071121293655738E-5, 0.9998459395651851, 7.334484882349434E-5, 2.1711582298819853E-9]
[0.06583548942190337, 0.029560146674135854, 0.9028972267284865, 6.6136934985656145E-6, 0.0017005234819756632]
[0.0402711150316465, 0.008131970029279015, 0.00496756041186804, 0.005036324146538603, 0.941593030380668]
[0.0849047980210949, 0.08762075318147222, 0.10547179628706659, 0.002501906036138095, 0.7195007464742281]
[0.008421101692763427, 0.010932965813862976, 0.0015653568824489789, 0.0015414215555753408, 0.9775391540553496]
[0.9960272727062822, 9.264328436772428E-4, 0.0013678019091952689, 5.724795061165716E-4, 0.0011060130347285812]
[0.8943772073825874, 0.06486057082342483, 0.008606116125678747, 0.01286012283076914, 0.019295982837539888]
[0.0012998101136365565, 0.0010388814552995155, 5.559342575612047E-4, 0.9962846024894805, 8.207716840223306E-4]
[8.908985800217915E-9, 0.03486975073442238, 8.691134137296589E-9, 2.3931202300925806E-5, 0.9651063004631567]
[0.9991901481666225, 2.721388577968859E-4, 5.036507250045195E-4, 6.801003198677978E-8, 3.399424054418595E-5]
[0.0849047980210949, 0.08762075318147222, 0.10547179628706659, 0.002501906036138095, 0.7195007464742281]
[0.21277975231063082, 0.6466002586542908, 0.03439427474482859, 0.016026018483614735, 0.09019969580663492]
[0.8983234281725679, 1.8484061518833137E-5, 8.633740302281971E-4, 0.0227419388507313, 0.07805277488495327]
[0.017222172910976358, 0.8649268646932875, 0.008781836254604504, 0.018188634030663006, 0.09088049211046864]
[0.8414388156719284, 0.047122769082589895, 2.970384925334831E-6, 0.008526719870770914, 0.10290872498978544]
[0.8933531536851156, 0.0238990464432528, 0.08269345275379317, 2.3130752620781757E-5, 3.121636521765893E-5]
[0.04948615330745027, 0.8964084800234088, 0.031081291015915717, 0.004151396376601534, 0.01887267927662368]
[2.413339129175466E-8, 2.6017382470892664E-8, 2.3543256842925334E-8, 2.679509520241024E-8, 0.9999998995108742]
[0.002606175628640517, 0.9930335653101594, 2.730738338463143E-4, 4.318728790892052E-6, 0.004082866498563114]
[0.26096169775738365, 0.6075664497279636, 3.120889555121608E-5, 0.1314057789255469, 3.486469355452165E-5]
[2.2772299545342616E-5, 1.1583819816923387E-5, 0.9778321491461511, 0.012757131536299688, 0.009376363198186459]
[0.021922476731797404, 1.3353211833766175E-5, 2.1461917428862126E-8, 0.04890600513688952, 0.929158143457562]
[0.8603854493935298, 0.05478583711446039, 3.2660309338081174E-5, 0.010747640235348905, 0.07404841294732278]
[2.049516858282934E-8, 2.20951391944271E-8, 0.9999999144450279, 2.275560805886354E-8, 2.02090562758107E-8]
[0.005578918293828889, 0.9943556463686367, 1.5337941165649077E-5, 2.7455557086927882E-5, 2.264183928145997E-5]
[0.08307962603737407, 0.6194826738764391, 0.08464215374531131, 0.13739241258956006, 0.07540313375131548]
[0.008925422056090544, 2.1281018359917773E-6, 6.004859447258057E-4, 0.9899329236988874, 5.390401984597914E-4]
[0.09203792873343214, 0.18629960870610546, 0.026204019210921897, 0.030952668636764095, 0.6645057747127764]
[9.240738419557044E-6, 0.9999627771323413, 6.257536265421954E-6, 4.4665462677433076E-6, 1.7258046705955943E-5]
[1.1203878638242204E-10, 1.207851777500508E-10, 0.9927000723918403, 2.4976646577268985E-7, 0.0072996776088698955]
[0.03473375393217642, 0.006565566714776393, 0.010899210869890949, 0.018743244264430498, 0.9290582242187256]
[0.19484902981311714, 0.5473449683083577, 0.007223952895979138, 0.11601227211102524, 0.13456977687152094]
[0.07453041488578162, 0.11119830141190915, 0.0011799738277963549, 0.7538672753780215, 0.05922403449649101]
[0.09829839732973311, 0.08592464382182576, 0.039712167055416414, 0.7301131834974666, 0.045951608295558014]
[6.526220850875692E-5, 3.1092722730288874E-8, 0.9997312069683295, 3.2022147754191444E-8, 2.0346770829136518E-4]
[0.7649687884423276, 0.07548179434409183, 9.558573672980843E-5, 0.037758816807252925, 0.12169501466959783]
[0.008290522603328725, 0.9733229324573994, 2.3486941951008873E-9, 0.018374614619226896, 1.1927971351074039E-5]
[1.1384420227966846E-5, 1.8967296551177247E-5, 2.3473106552249502E-4, 0.999716038325909, 1.8878891789306366E-5]
[0.02037536670375242, 0.5787466608055496, 0.13079904112350754, 0.2469308965607612, 0.023148034806429258]
[0.002104536835523009, 0.9978939510426001, 6.80371701879628E-7, 3.8551054816574676E-7, 4.4623962681529173E-7]
[0.09026468934553628, 0.6035185597488378, 0.0031100814637383288, 0.04219141526752921, 0.2609152541743581]
[0.02093580704099376, 0.05818268770675703, 0.8486738471232524, 0.007790169429124447, 0.06441748869987228]
[0.9984754272921419, 1.060370464576066E-7, 9.595344275734068E-8, 9.73058244130374E-4, 5.513124732385467E-4]
[0.03225598609254882, 0.026882998267170256, 0.9366455128098027, 0.004204866243456163, 1.063658702205441E-5]
[0.9999958583605433, 1.0759083877116987E-6, 9.735947703306806E-7, 1.1080694881608334E-6, 9.840668105121772E-7]
[0.07441596961916494, 0.04669635738765242, 0.814067183828171, 0.05880317298999007, 0.006017316175021439]
[3.179904539388851E-7, 0.0036158171132793324, 0.9916827757309866, 0.0026148805890614957, 0.002086208576218513]
[2.049516858282934E-8, 2.20951391944271E-8, 0.9999999144450279, 2.275560805886354E-8, 2.02090562758107E-8]
[1.3112234194211397E-9, 1.4135850529853634E-9, 8.504711924554423E-6, 1.4558399990399705E-9, 0.9999914911074271]
[3.179904539388851E-7, 0.0036158171132793324, 0.9916827757309866, 0.0026148805890614957, 0.002086208576218513]
[0.028375195610234147, 0.09380542153492336, 0.04267561712593605, 0.7878060817031893, 0.04733768402571707]
[0.9999830926406141, 1.3306271505145367E-8, 1.6868178668226415E-5, 1.3704023153304388E-8, 1.2170422974141012E-8]
[0.06158834781664468, 3.104214257317178E-5, 7.259903542139818E-9, 0.9383082137221773, 7.238905870112427E-5]
[0.23199065437770813, 0.35665366553151945, 0.17257125213193714, 0.007017024448073863, 0.23176740351076142]
[0.0018112025432079648, 0.07952381144708494, 5.829181585263664E-4, 0.9118233806195061, 0.006258687231674198]
[0.19442023276641807, 0.01848250702103374, 0.7703649083319977, 0.006931840490262432, 0.009800511390288117]
[2.8310899620187437E-4, 0.9988741863351978, 2.0900672476628597E-4, 8.566899338252471E-8, 6.336122748408626E-4]
[0.02954880934853175, 0.007871146059847843, 0.8982521313299027, 0.039885033716055056, 0.02444287954566239]
[0.0029326618621547053, 0.9497941343591365, 4.2956342204917403E-4, 0.04684063695008518, 3.003406574610322E-6]
[8.427244674947179E-5, 0.9407341895687251, 3.60559226302081E-5, 0.059092259874538686, 5.322218735671147E-5]
[0.21989799393947293, 0.6786401138811194, 0.06502409196628578, 0.013091628566906589, 0.023346171646215247]
[1.1203878638242204E-10, 1.207851777500508E-10, 0.9927000723918403, 2.4976646577268985E-7, 0.0072996776088698955]
[0.7541817105182492, 0.13835218990424786, 0.0017795902124387562, 0.09264447055801163, 0.013042038807052632]
[1.866611311313544E-5, 0.23939527089388205, 0.502336043761181, 0.0288914820897461, 0.22935853714207766]
[0.04555494104715142, 0.030532118802258135, 0.010922762565925281, 0.04184615044101498, 0.8711440271436502]
[3.433981374223069E-8, 0.999999860172457, 3.35001013781173E-8, 3.812719759657146E-8, 3.3860430355230337E-8]
[1.1494428452376378E-4, 1.2221060713264829E-8, 6.351229516748462E-4, 2.6058434010752278E-5, 0.9992238621087299]
[0.07441596961916495, 0.04669635738765242, 0.8140671838281711, 0.05880317298999006, 0.006017316175021439]
[0.03473375393217642, 0.006565566714776393, 0.010899210869890949, 0.018743244264430498, 0.9290582242187256]
[0.017786536012474704, 0.01469719468841213, 1.8018379659997115E-5, 0.017243099353357154, 0.9502551515660957]
[0.6919926127062426, 0.08504214668897456, 0.026267188167578667, 0.05446002257641707, 0.14223802986078704]
[0.0029326618621547053, 0.9497941343591365, 4.2956342204917403E-4, 0.04684063695008518, 3.003406574610322E-6]
[0.007862486151788816, 0.01476702394943582, 3.353863781273477E-5, 0.08654543504232382, 0.8907915162186388]
[5.0630821902823146E-5, 1.8938132557249066E-8, 1.7137208918671957E-8, 0.999949315781218, 1.732153770295054E-8]
[0.07963983330990676, 1.1358916241994492E-5, 0.08397203508484873, 0.005501332448374707, 0.8308754402406279]
[0.0029326618621547053, 0.9497941343591365, 4.2956342204917403E-4, 0.04684063695008518, 3.003406574610322E-6]
[1.1203878638242204E-10, 1.207851777500508E-10, 0.9927000723918403, 2.4976646577268985E-7, 0.0072996776088698955]
[0.022879345327617907, 0.0454247536754511, 0.0013457837501262171, 0.013231438370447254, 0.9171186788763575]
[1.1203878638242204E-10, 1.207851777500508E-10, 0.9927000723918403, 2.4976646577268985E-7, 0.0072996776088698955]
[0.034243316315647344, 2.843907226223473E-8, 0.9657565999446469, 2.9289174250612407E-8, 2.6011459204760657E-8]
[0.08922794170237301, 0.6488313046593666, 0.18948385109326435, 0.02864131024809621, 0.04381559229689981]
[0.0849047980210949, 0.08762075318147222, 0.10547179628706659, 0.002501906036138095, 0.7195007464742281]
[0.9991855718788754, 2.535121003104556E-4, 2.738116248002848E-4, 3.169192195178164E-8, 2.8707270409191084E-4]
[0.11284026191083164, 0.039224603846586714, 0.033185527969851795, 0.7164603493286099, 0.0982892569441198]
[0.005625300904481459, 0.8865692097946731, 0.010145946456335275, 0.08302370376782917, 0.014635839076680934]
[0.06158834781664468, 3.104214257317178E-5, 7.259903542139818E-9, 0.9383082137221773, 7.238905870112427E-5]
[0.0029326618621547053, 0.9497941343591365, 4.2956342204917403E-4, 0.04684063695008518, 3.003406574610322E-6]
[0.9622349696029495, 1.1191296780332376E-4, 1.6521400468122997E-4, 0.03735430515068737, 1.3359827387851328E-4]
[3.179904539388851E-7, 0.0036158171132793324, 0.9916827757309866, 0.0026148805890614957, 0.002086208576218513]
[0.007712614380604199, 0.00947069641531363, 0.03362271204934541, 0.9262565289849873, 0.022937448169749183]
[0.13081817461602835, 0.026255598137164073, 0.6360095596984471, 0.13343966291703804, 0.0734770046313225]
